ML_ID	Volume	Estimateddensity	Minimal	Maximal	Positivesurfacearea	Negativesurfacearea	Overallaveragevalue	Positiveaveragevalue	Negativeaveragevalue	Overallvariance	Positivevariance	Negativevariance	Balanceofcharges	Product	Molecularpolarityindex	Nonpolarsurfacearea	Polarsurfacearea	Label
Q0002	5521.17022	1.3269	-54.30012	65.48335	1332.68898	1185.42457	0.00146611	0.02255063	-0.02223772	0.00073954	0.00035495	0.00038459	0.24959854	0.00018459	0.60962537	322.85	382.29	1.0
Q0006	3480.2431	1.4506	-64.03725	26.40213	731.86647	909.8916	-0.00760929	0.01629996	-0.02684058	0.00057541	9.989e-05	0.00047552	0.14345814	8.255e-05	0.60250789	190.01	269.73	1.0
Q0007	2186.49426	1.631	-69.94584	82.15146	613.73595	501.42845	0.00242434	0.03103236	-0.03259118	0.00153494	0.00066846	0.00086648	0.24583942	0.00037735	0.86350643	116.4	195.87	0.0
Q0009	2661.28609	1.4584	-58.50834	25.26901	607.38618	669.76173	-0.00402534	0.01911466	-0.0250103	0.00054658	0.00010415	0.00044243	0.15423693	8.43e-05	0.60426829	136.49	221.15	1.0
Q0010	3734.89382	1.4147	-68.04565	49.14662	847.90393	863.50309	-0.00295891	0.0214579	-0.02693463	0.00076077	0.00016739	0.00059339	0.17161245	0.00013056	0.65909308	185.09	294.15	1.0
Q0011	3650.2375	1.38	-62.79014	34.01502	1048.33742	660.51894	-0.00031963	0.01606705	-0.02632761	0.00073208	0.00010958	0.00062251	0.12727582	9.318e-05	0.54512656	239.41	239.12	1.0
Q0014	2957.11877	1.5288	-51.94139	50.34342	948.41323	455.55736	0.00908215	0.03212417	-0.03888843	0.00100034	0.00034903	0.00065131	0.22717227	0.00022725	0.93386807	99.7	293.46	1.0
Q0017	3266.00662	1.7542	-78.51098	49.49523	923.76885	677.74399	0.0025718	0.02619854	-0.02963158	0.00124738	0.00031789	0.00092949	0.18990029	0.00023688	0.75243195	180.78	267.69	1.0
Q0021	2547.83297	1.4709	-58.8383	24.45489	678.42089	573.53337	-0.00120856	0.01729836	-0.02310001	0.00055118	9.581e-05	0.00045538	0.1436057	7.915e-05	0.54303468	163.46	187.13	0.0
Q0022	3352.25994	1.5407	-47.04135	73.59614	934.75453	691.8065	0.0058099	0.02856454	-0.0249357	0.00092	0.00050583	0.00041417	0.24751834	0.00022772	0.73528221	178.72	276.77	1.0
Q0025	2930.1297	1.5239	-75.5876	85.42951	933.20266	474.76332	0.00234598	0.02857489	-0.04920999	0.00143073	0.00050822	0.00092252	0.2290368	0.00032769	0.9669022	109.66	284.61	0.0
Q0026	3517.95867	1.6288	-34.54579	56.46106	851.50132	860.626	0.00317006	0.02449293	-0.01792675	0.00062037	0.0004695	0.00015087	0.18405436	0.00011418	0.57667294	237.26	242.18	1.0
Q0037	3278.7229	1.3653	-54.46778	36.5442	820.46425	758.16986	-0.00186211	0.02284381	-0.02859796	0.00066558	0.00019191	0.00047367	0.20519718	0.00013657	0.69681145	157.58	284.48	0.0
Q0039	2727.76664	1.5642	-46.78541	41.33057	697.43099	687.47649	0.00031062	0.02932012	-0.02911892	0.0006205	0.00023824	0.00038226	0.23653217	0.00014677	0.79512321	102.65	285.17	0.0
Q0040	2495.71284	1.5211	-38.32114	25.72982	565.19449	651.41612	-7.762e-05	0.01743884	-0.0152756	0.00025253	0.0001184	0.00013413	0.24902995	6.289e-05	0.44301666	189.36	151.32	1.0
Q0041	3232.26481	1.4334	-78.72545	56.7363	880.18885	645.11501	0.00213296	0.03103002	-0.03729392	0.0015682	0.00052218	0.00104602	0.22210425	0.0003483	0.91645993	143.97	283.16	1.0
Q0044	3654.33227	1.4337	-48.27908	33.57661	1034.36382	662.33692	0.00255968	0.02159135	-0.02716185	0.00064872	0.00014547	0.00050325	0.1739553	0.00011285	0.6467029	181.45	293.67	1.0
Q0046	3372.40267	1.4736	-64.03825	69.70579	894.7932	726.71959	0.00264173	0.02665467	-0.02692486	0.00104544	0.00047425	0.00057119	0.24785051	0.00025911	0.72860558	190.32	263.75	1.0
Q0050	2904.20134	1.4812	-82.61937	78.61845	825.18674	581.0165	0.00090542	0.02505494	-0.03339284	0.00150165	0.00042836	0.0010733	0.20388523	0.00030616	0.77552442	155.51	238.27	0.0
Q0054	2651.87957	1.4382	-59.18557	70.90617	634.97894	694.21011	-0.00381007	0.02401307	-0.0292593	0.00109371	0.00054932	0.00054439	0.2499949	0.00027342	0.72798822	158.73	213.48	0.0
Q0055	3750.17131	1.4837	-51.06178	70.04575	985.35617	804.00571	0.00375485	0.02362465	-0.02059677	0.00061245	0.00030724	0.00030522	0.24999728	0.00015311	0.60583823	207.44	293.63	1.0
Q0057	2437.26678	1.4268	-55.25197	68.34989	680.13903	550.8057	-0.00010523	0.02292377	-0.02854162	0.00076563	0.00036284	0.00040279	0.24931915	0.00019089	0.69219136	132.66	212.04	0.0
Q0061	2370.85781	1.3392	-46.08651	60.83845	652.04356	519.20701	0.00287804	0.02299156	-0.02238142	0.00055645	0.00026523	0.00029122	0.24945453	0.00013881	0.61827216	133.1	194.89	0.0
Q0062	4250.34051	1.4544	-55.35021	36.65224	1071.16567	846.92629	0.00144667	0.02545157	-0.02891398	0.00086898	0.00024389	0.00062509	0.20189001	0.00017544	0.73417364	199.31	337.82	1.0
Q0062	4250.34051	1.4544	-55.35021	36.65224	1071.16567	846.92629	0.00144667	0.02545157	-0.02891398	0.00086898	0.00024389	0.00062509	0.20189001	0.00017544	0.73417364	199.31	337.82	1.0
Q0063	3362.65193	1.5011	-52.47459	37.77662	842.06502	743.48978	-0.00214839	0.01949807	-0.02666483	0.00065634	0.00015648	0.00049986	0.18157064	0.00011917	0.62201608	184.97	259.03	1.0
Q0064	2741.70456	1.5425	-58.19259	57.52113	678.70739	657.73112	-0.0034445	0.02288674	-0.03061549	0.00082323	0.00028993	0.0005333	0.22815068	0.00018782	0.72628427	144.44	229.8	1.0
Q0067	4062.30622	1.4086	-53.18417	72.91288	1123.16981	746.24935	0.00347784	0.02512703	-0.02910606	0.00094578	0.00036001	0.00058577	0.2357551	0.00022297	0.72696328	194.1	329.39	1.0
Q0070	2786.10739	1.6719	-46.14245	40.63771	681.56105	658.02311	0.0024961	0.02032932	-0.01597504	0.00040154	0.00021035	0.00019119	0.24943076	0.00010016	0.49498688	194.66	180.46	1.0
Q0073	2846.61911	1.3675	-55.61229	75.12074	820.91071	524.79042	0.00471355	0.02718109	-0.03043162	0.00118164	0.00056876	0.00061288	0.24965146	0.000295	0.77412906	144.93	231.91	0.0
Q0074	2114.22958	1.8927	-35.82741	42.7878	503.35523	603.53916	0.00066871	0.02309425	-0.01803433	0.00054811	0.00030755	0.00024056	0.24626603	0.00013498	0.55335182	150.21	159.75	0.0
Q0078	2582.70664	1.507	-59.44164	45.9996	623.31916	655.8634	-0.00407375	0.02216308	-0.02900869	0.00050013	0.00015304	0.0003471	0.21236045	0.00010621	0.69859686	107.23	250.98	0.0
Q0078	2582.70664	1.507	-59.44164	45.9996	623.31916	655.8634	-0.00407375	0.02216308	-0.02900869	0.00050013	0.00015304	0.0003471	0.21236045	0.00010621	0.69859686	107.23	250.98	0.0
Q0079	3077.16236	1.5492	-60.30842	55.38526	807.20603	655.75181	0.00524987	0.02901904	-0.02400908	0.00092256	0.00044057	0.00048198	0.24949623	0.00023017	0.72854105	153.31	256.36	1.0
Q0080	2316.44727	1.6267	-39.11905	65.58706	539.40117	625.8387	0.00082404	0.02453432	-0.01961151	0.00065226	0.00043436	0.0002179	0.22246606	0.00014511	0.59566609	150.84	175.46	1.0
Q0081	3751.99062	1.4532	-77.6733	46.26347	1044.45521	682.23099	0.00072474	0.0224922	-0.03259994	0.00115567	0.00024478	0.00091089	0.1669433	0.00019293	0.72071706	196.5	287.02	0.0
Q0084	3189.41935	1.4701	-66.88784	56.46513	719.29498	843.29106	-0.00385722	0.01908275	-0.02342414	0.00067026	0.00021198	0.00045828	0.21624156	0.00014494	0.58302276	198.07	239.5	1.0
Q0085	2702.19007	1.5855	-85.46202	86.43917	840.71023	465.84808	0.01066819	0.03995336	-0.0421824	0.00227542	0.00053767	0.00173775	0.18045973	0.00041062	1.1088126	86.82	279.06	1.0
Q0090	2186.23825	1.5496	-47.00814	44.68362	686.76113	362.57919	0.00664906	0.02991239	-0.03741402	0.00074055	0.0003057	0.00043485	0.24239643	0.00017951	0.8844906	68.11	225.74	1.0
Q0090	2186.23825	1.5496	-47.00814	44.68362	686.76113	362.57919	0.00664906	0.02991239	-0.03741402	0.00074055	0.0003057	0.00043485	0.24239643	0.00017951	0.8844906	68.11	225.74	1.0
Q0092	3008.38681	1.6254	-51.43098	43.99662	652.03315	836.65988	-0.00319284	0.02485362	-0.02505026	0.00054589	0.00027955	0.00026634	0.24985341	0.00013639	0.67930858	144.2	272.68	1.0
Q0095	3834.79458	1.454	-83.54614	71.72543	949.40564	625.2762	0.00311662	0.03434036	-0.04429282	0.00168493	0.00046931	0.00121562	0.20095378	0.00033859	1.04198619	105.14	335.81	0.0
Q0098	1953.55916	1.5616	-44.73598	50.49346	439.68011	559.53674	-0.00324101	0.01962795	-0.02121128	0.00046688	0.00024017	0.00022671	0.24979208	0.00011662	0.55823001	123.78	156.03	0.0
Q0099	3021.4729	1.5276	-43.03764	59.35933	646.83294	812.74994	0.00126666	0.0251343	-0.01772858	0.00053928	0.00036606	0.00017322	0.21803022	0.00011758	0.57172527	186.58	222.14	1.0
Q0102	2111.91285	1.4447	-44.77049	40.11117	590.47024	467.88973	0.00200937	0.02353983	-0.02516176	0.00063116	0.00021046	0.0004207	0.22226036	0.00014028	0.66006291	110.61	185.76	1.0
Q0103	3430.48186	1.4259	-62.96389	66.09783	966.50137	467.96779	0.00527295	0.02433059	-0.0340871	0.0011195	0.00033913	0.00078038	0.21116239	0.0002364	0.74867936	141.79	259.9	0.0
Q0105	3286.59552	1.4847	-47.69193	31.73993	862.79599	653.41705	-6.559e-05	0.0163934	-0.02179865	0.00048355	9.992e-05	0.00038364	0.16393301	7.927e-05	0.50947359	216.42	208.16	1.0
Q0106	3546.39474	1.5069	-59.77276	48.15188	928.16942	823.8909	-0.00390949	0.02389815	-0.0352367	0.00092271	0.00023132	0.00069139	0.18784893	0.00017333	0.79538878	155.22	335.4	0.0
Q0108	3064.21105	1.6905	-52.93441	77.62321	813.36247	697.58353	0.00364445	0.02630916	-0.02278196	0.00085504	0.00046319	0.00039185	0.24825975	0.00021227	0.67159587	178.17	244.94	1.0
Q0108	3064.21105	1.6905	-52.93441	77.62321	813.36247	697.58353	0.00364445	0.02630916	-0.02278196	0.00085504	0.00046319	0.00039185	0.24825975	0.00021227	0.67159587	178.17	244.94	1.0
Q0113	2873.08768	1.5536	-63.24031	45.93971	755.76	665.15567	-0.00283826	0.02285379	-0.03202997	0.00084744	0.00025285	0.00059459	0.20934523	0.00017741	0.73877066	137.36	260.53	0.0
Q0114	2966.13259	1.5581	-49.09046	66.93556	801.65576	629.20746	0.00264527	0.02369549	-0.02417423	0.00055374	0.00022916	0.00032458	0.24257688	0.00013432	0.65051564	131.13	269.55	1.0
Q0122	3524.03457	1.6105	-49.20437	82.18834	1010.21285	676.1849	0.00547045	0.03103144	-0.03271739	0.00109214	0.00058481	0.00050732	0.24874138	0.00027166	0.86280347	133.71	338.53	0.0
Q0123	3414.674	1.6044	-48.76312	74.18483	916.24921	738.12042	0.00481049	0.03055694	-0.0271493	0.0009168	0.00047054	0.00044627	0.24982486	0.00022904	0.79012545	155.15	308.12	1.0
Q0125	3890.10415	1.3699	-52.62651	53.136	933.14987	847.51225	0.00011849	0.01858189	-0.02021056	0.00049751	0.00021128	0.00028623	0.24432562	0.00012156	0.52673235	243.1	255.54	1.0
Q0126	2014.8124	1.6812	-54.48621	48.79554	619.96144	407.28788	0.00212115	0.0271595	-0.03599147	0.00115603	0.00027906	0.00087697	0.18312322	0.0002117	0.83433466	97.13	190.53	1.0
Q0127	2931.04631	1.4162	-65.7294	75.017	727.88387	605.22119	-0.00297137	0.02790178	-0.0401017	0.00136624	0.00048901	0.00087723	0.22981363	0.00031398	0.90996137	118.69	254.61	0.0
Q0129	2923.34622	1.5249	-50.81201	86.36292	766.90489	660.88628	0.00378567	0.02794168	-0.02424541	0.00122196	0.00076827	0.00045369	0.23343091	0.00028524	0.71377575	176.21	223.61	0.0
Q0131	3016.02932	1.4468	-63.2645	43.47372	862.82048	622.72253	-0.0006757	0.0216964	-0.03167364	0.00084161	0.00019424	0.00064736	0.17753168	0.00014941	0.70419642	158.2	257.8	0.0
Q0132	4364.19207	1.6573	-54.00358	67.20449	1031.95168	1049.48487	-0.00082513	0.0233784	-0.0246243	0.00089634	0.00040482	0.00049152	0.2476609	0.00022199	0.65325268	278.53	304.33	1.0
Q0135	2452.74804	1.5184	-54.20158	34.23003	739.47749	469.03603	0.0035744	0.02335351	-0.02760915	0.00073693	0.00016547	0.00057146	0.17412104	0.00012832	0.68042514	117.61	220.81	0.0
Q0136	3797.57722	1.4252	-53.31685	67.1192	1006.66535	758.08513	0.00392761	0.02525503	-0.02439318	0.0007537	0.00040401	0.00034968	0.2487009	0.00018745	0.67714992	197.01	297.17	1.0
Q0136	3797.57722	1.4252	-53.31685	67.1192	1006.66535	758.08513	0.00392761	0.02525503	-0.02439318	0.0007537	0.00040401	0.00034968	0.2487009	0.00018745	0.67714992	197.01	297.17	1.0
Q0137	3493.8876	1.4194	-83.82329	53.87152	1025.84468	590.68652	0.001278	0.02808171	-0.04527198	0.00152776	0.00030145	0.00122631	0.15838071	0.00024197	0.93506752	108.79	343.88	1.0
Q0140	2610.97083	1.4736	-47.77196	79.13148	746.91597	537.66993	0.00466531	0.02686016	-0.02616716	0.00087778	0.0004863	0.00039149	0.24708343	0.00021689	0.72300921	121.29	238.43	1.0
Q0141	3407.92667	1.6029	-38.60015	41.23721	806.23684	831.58047	0.00052011	0.01898375	-0.01738082	0.00032592	0.0001835	0.00014241	0.24602646	8.018e-05	0.49442766	225.48	233.15	1.0
Q0142	2212.65445	1.3945	-64.54421	77.70237	563.34311	551.15967	-0.00161049	0.02824349	-0.03212439	0.00137593	0.00065415	0.00072178	0.2493961	0.00034315	0.82076963	111.78	200.31	0.0
Q0143	2564.98338	1.5261	-58.34364	44.90694	709.32007	590.51394	0.00051079	0.02469116	-0.02853447	0.0006759	0.00022126	0.00045464	0.22019457	0.00014883	0.71939214	106.68	257.31	0.0
Q0145	3489.34789	1.4338	-56.03888	48.14804	1011.97374	644.66777	0.00379892	0.02751882	-0.03343564	0.00096047	0.00034818	0.00061229	0.23109662	0.00022196	0.81147883	148.03	315.87	0.0
Q0146	2471.03726	1.5027	-55.92561	76.01297	592.37401	631.36861	-0.00159444	0.02450471	-0.02608166	0.00112289	0.00055218	0.00057071	0.24993191	0.00028064	0.68894631	155.85	186.83	1.0
Q0148	2828.22179	1.4438	-63.96625	61.61732	827.05883	515.31313	0.00112698	0.02012649	-0.02936655	0.00082728	0.00022076	0.00060652	0.19564231	0.00016185	0.64419104	148.18	227.73	1.0
Q0152	3602.15261	1.4575	-52.03849	32.56744	1111.02101	498.19608	0.00400341	0.02085108	-0.03356837	0.00060843	0.00011619	0.00049224	0.15449997	9.4e-05	0.67452165	146.17	304.46	1.0
Q0152	3602.15261	1.4575	-52.03849	32.56744	1111.02101	498.19608	0.00400341	0.02085108	-0.03356837	0.00060843	0.00011619	0.00049224	0.15449997	9.4e-05	0.67452165	146.17	304.46	1.0
Q0156	3022.95343	1.4472	-48.13805	42.55594	883.35216	620.26012	0.0028112	0.01861082	-0.01969004	0.00046246	0.00016659	0.00029587	0.23046273	0.00010658	0.51854044	206.23	214.83	1.0
Q0157	2931.97348	1.4462	-69.65345	48.68775	804.31322	616.71591	-0.00140045	0.02019701	-0.0295676	0.00108797	0.00015827	0.0009297	0.12430836	0.00013524	0.66025094	169.1	228.83	0.0
Q0158	2206.37497	1.5933	-50.11085	67.60199	528.02616	586.21276	0.00339219	0.02759742	-0.01841047	0.00076575	0.00048278	0.00028297	0.23297729	0.0001784	0.61944182	141.27	170.75	0.0
Q0160	4139.61125	1.4023	-62.42179	35.75946	1041.65934	920.26012	-0.00076174	0.02033333	-0.02463964	0.00059234	0.00014032	0.00045202	0.18077744	0.00010708	0.60826294	216.61	332.78	1.0
Q0165	3442.68368	1.4176	-80.61476	69.9459	1093.57292	589.16203	0.00106138	0.02213023	-0.03804556	0.0011112	0.00022711	0.00088409	0.16261089	0.00018069	0.75382417	151.24	319.97	0.0
Q0171	2982.75987	1.5192	-51.3515	65.25361	754.55921	710.37642	-0.00066112	0.02060304	-0.02324784	0.00075227	0.00034045	0.00041182	0.24774943	0.00018637	0.5955362	204.53	205.69	0.0
Q0172	2871.72364	1.5778	-87.58201	82.24638	749.66108	671.82484	-0.00171874	0.03056259	-0.03774011	0.0018242	0.00071163	0.00111256	0.23792389	0.00043402	0.92395823	126.42	271.63	1.0
Q0176	3496.83554	1.5495	-56.02644	73.52857	886.90214	799.42182	-0.00108362	0.02580413	-0.03091367	0.00099764	0.0003785	0.00061915	0.23545332	0.0002349	0.76807853	167.95	304.27	0.0
Q0177	2808.7804	1.5533	-41.28901	67.9677	709.28995	670.5484	0.00232121	0.0300824	-0.02704391	0.00088201	0.00058897	0.00029304	0.2218564	0.00019568	0.77840371	129.49	256.9	0.0
Q0179	2626.91724	1.533	-66.02231	72.8209	845.39619	439.79489	0.00517153	0.02498642	-0.03291766	0.00115657	0.00037575	0.00078082	0.21933314	0.00025367	0.75376901	127.28	232.61	1.0
Q0183	2841.63085	1.4882	-60.923	73.0637	763.59411	567.19059	-0.00122052	0.02267121	-0.03338534	0.00091538	0.00033506	0.00058032	0.23205395	0.00021242	0.74117421	129.66	243.0	0.0
Q0184	1849.88079	1.6368	-42.27637	28.11092	435.19246	522.40875	-0.00162254	0.02068943	-0.02020952	0.0004045	0.00014244	0.00026206	0.22813855	9.228e-05	0.55586383	115.78	152.37	0.0
Q0187	3391.4856	1.3662	-51.9394	44.46891	936.61742	571.41939	0.00375433	0.02074213	-0.02409049	0.0006168	0.00014818	0.00046861	0.18252683	0.00011258	0.59894637	162.88	259.41	1.0
Q0187	3391.4856	1.3662	-51.9394	44.46891	936.61742	571.41939	0.00375433	0.02074213	-0.02409049	0.0006168	0.00014818	0.00046861	0.18252683	0.00011258	0.59894637	162.88	259.41	1.0
Q0191	3647.97769	1.5314	-59.79186	68.16257	957.11042	794.52401	0.00274915	0.02683315	-0.02626325	0.00088304	0.00034287	0.00054016	0.23752042	0.00020974	0.72313303	178.66	311.85	0.0
Q0195	2279.22708	1.4567	-58.83956	87.84422	583.401	558.58046	0.00374883	0.03505204	-0.02894534	0.00158306	0.00093049	0.00065257	0.24229469	0.00038357	0.87253457	118.64	201.15	1.0
Q0196	4170.6647	1.4981	-90.70529	59.99681	1074.38884	860.20205	-0.00457963	0.03574638	-0.05494666	0.00246848	0.00048219	0.00198629	0.15718122	0.000388	1.20501934	116.02	425.72	1.0
Q0199	2698.42478	1.5333	-44.28085	39.35158	691.91884	612.22265	0.00226298	0.02357129	-0.02181915	0.00051427	0.00023923	0.00027503	0.24878851	0.00012794	0.61902511	143.08	222.12	0.0
Q0200	2494.96765	1.367	-51.14034	70.64241	773.40111	450.08921	0.0050155	0.0245362	-0.02852748	0.00097549	0.00042646	0.00054903	0.24605345	0.00024002	0.70761795	145.35	197.26	0.0
Q0201	4146.50362	1.5284	-57.75562	53.04447	1030.64564	837.5035	-0.00017383	0.01985986	-0.02482763	0.00075712	0.00018177	0.00057535	0.18244326	0.00013813	0.60101641	240.51	282.63	1.0
Q0201	4146.50362	1.5284	-57.75562	53.04447	1030.64564	837.5035	-0.00017383	0.01985986	-0.02482763	0.00075712	0.00018177	0.00057535	0.18244326	0.00013813	0.60101641	240.51	282.63	1.0
Q0204	3438.06644	1.4324	-48.26766	31.21917	979.50384	616.45954	0.00288046	0.01909688	-0.0228861	0.00053574	0.00014543	0.00039031	0.19776625	0.00010595	0.55948005	205.23	241.68	0.0
Q0204	3438.06644	1.4324	-48.26766	31.21917	979.50384	616.45954	0.00288046	0.01909688	-0.0228861	0.00053574	0.00014543	0.00039031	0.19776625	0.00010595	0.55948005	205.23	241.68	0.0
Q0206	5090.4746	1.4611	-55.06503	88.21224	1286.74131	1004.12192	0.00517139	0.02989123	-0.02650609	0.00110136	0.00067846	0.0004229	0.23653887	0.00026051	0.77300647	227.89	413.62	1.0
Q0211	2933.04987	1.4648	-58.12435	28.58399	778.52722	642.57355	-0.00148493	0.02012496	-0.02766698	0.00059694	0.00012864	0.0004683	0.16905814	0.00010092	0.6404255	147.37	250.57	1.0
Q0211	2933.04987	1.4648	-58.12435	28.58399	778.52722	642.57355	-0.00148493	0.02012496	-0.02766698	0.00059694	0.00012864	0.0004683	0.16905814	0.00010092	0.6404255	147.37	250.57	1.0
Q0213	4848.98068	1.3998	-69.22514	36.53216	1159.92528	928.40495	-0.00173704	0.02100831	-0.0301545	0.00084136	0.00018724	0.00065411	0.17301992	0.00014557	0.68230958	232.78	352.01	1.0
Q0214	2514.90085	1.4409	-53.94671	59.696	707.04606	511.16618	0.00235838	0.0245238	-0.02830088	0.00098667	0.00031961	0.00066706	0.21899957	0.00021608	0.71045317	142.8	198.33	1.0
Q0218	2610.03637	1.4612	-60.97097	58.36887	682.32754	607.00195	6.136e-05	0.02444102	-0.02734368	0.00082963	0.00025205	0.00057758	0.21151028	0.00017547	0.70225937	136.78	224.27	0.0
Q0219	3409.1036	1.3493	-64.06792	54.23893	885.9108	723.95178	-0.00328516	0.01673663	-0.02778613	0.00082597	0.00019658	0.00062939	0.18135356	0.00014979	0.5906386	235.65	215.16	0.0
Q0219	3409.1036	1.3493	-64.06792	54.23893	885.9108	723.95178	-0.00328516	0.01673663	-0.02778613	0.00082597	0.00019658	0.00062939	0.18135356	0.00014979	0.5906386	235.65	215.16	0.0
Q0222	3122.61373	1.4981	-54.05205	70.94949	715.84483	776.3828	-0.00464868	0.02399913	-0.0310627	0.00100268	0.00039648	0.0006062	0.23906252	0.0002397	0.75305319	162.75	255.12	0.0
Q0222	3122.61373	1.4981	-54.05205	70.94949	715.84483	776.3828	-0.00464868	0.02399913	-0.0310627	0.00100268	0.00039648	0.0006062	0.23906252	0.0002397	0.75305319	162.75	255.12	0.0
Q0229	1984.79207	1.6502	-50.43962	45.6427	505.86413	485.78658	0.00284308	0.03651591	-0.03222146	0.00095719	0.00036168	0.00059551	0.23508132	0.00022502	0.93640246	71.41	206.28	1.0
Q0229	1984.79207	1.6502	-50.43962	45.6427	505.86413	485.78658	0.00284308	0.03651591	-0.03222146	0.00095719	0.00036168	0.00059551	0.23508132	0.00022502	0.93640246	71.41	206.28	1.0
Q0232	4351.87432	1.4333	-48.59692	64.82819	1063.07083	915.99025	0.00141995	0.0226511	-0.02322028	0.00056615	0.00034664	0.00021951	0.23739554	0.0001344	0.62353638	229.26	324.94	1.0
Q0234	3096.18389	1.3676	-60.62022	34.81637	872.67125	610.42032	0.00149388	0.01996189	-0.02490844	0.00052919	0.00013049	0.0003987	0.18578339	9.831e-05	0.59859124	162.31	253.0	1.0
Q0234	3096.18389	1.3676	-60.62022	34.81637	872.67125	610.42032	0.00149388	0.01996189	-0.02490844	0.00052919	0.00013049	0.0003987	0.18578339	9.831e-05	0.59859124	162.31	253.0	1.0
Q0234	3096.18389	1.3676	-60.62022	34.81637	872.67125	610.42032	0.00149388	0.01996189	-0.02490844	0.00052919	0.00013049	0.0003987	0.18578339	9.831e-05	0.59859124	162.31	253.0	1.0
Q0238	2734.5738	1.6983	-46.12741	49.183	757.65229	530.02906	0.0068931	0.02962911	-0.02560698	0.00082211	0.00036626	0.00045585	0.2470309	0.00020309	0.76119868	133.42	227.17	1.0
Q0240	3171.91187	1.4325	-56.26325	68.41541	933.58028	567.32758	0.00161895	0.02331205	-0.03407868	0.00097404	0.0002896	0.00068443	0.20892166	0.0002035	0.7450947	154.55	265.75	0.0
Q0240	3171.91187	1.4325	-56.26325	68.41541	933.58028	567.32758	0.00161895	0.02331205	-0.03407868	0.00097404	0.0002896	0.00068443	0.20892166	0.0002035	0.7450947	154.55	265.75	0.0
Q0240	3171.91187	1.4325	-56.26325	68.41541	933.58028	567.32758	0.00161895	0.02331205	-0.03407868	0.00097404	0.0002896	0.00068443	0.20892166	0.0002035	0.7450947	154.55	265.75	0.0
Q0240	3171.91187	1.4325	-56.26325	68.41541	933.58028	567.32758	0.00161895	0.02331205	-0.03407868	0.00097404	0.0002896	0.00068443	0.20892166	0.0002035	0.7450947	154.55	265.75	0.0
Q0240	3171.91187	1.4325	-56.26325	68.41541	933.58028	567.32758	0.00161895	0.02331205	-0.03407868	0.00097404	0.0002896	0.00068443	0.20892166	0.0002035	0.7450947	154.55	265.75	0.0
Q0241	2306.23565	1.503	-47.57479	82.60848	599.56289	558.78189	0.00295306	0.03164793	-0.02783601	0.00104606	0.00065356	0.00039249	0.23442773	0.00024522	0.81114601	99.24	225.13	0.0
Q0246	3052.15694	1.4301	-45.84791	35.25242	816.64912	661.77303	0.00040629	0.01903026	-0.02257629	0.0004372	0.00015868	0.00027852	0.23121479	0.00010109	0.5610318	180.64	233.36	1.0
Q0249	2157.00363	1.55	-39.22062	98.15894	536.36287	562.99881	0.00153906	0.02724865	-0.02295419	0.00131405	0.00108628	0.00022777	0.1432889	0.00018829	0.68162869	143.85	164.0	1.0
Q0250	2045.91778	1.4858	-55.43879	39.55443	561.70107	457.23378	0.00078117	0.02472136	-0.02862879	0.00079287	0.00022352	0.00056934	0.20243991	0.00016051	0.72041519	100.18	185.15	0.0
Q0251	3602.82394	1.3547	-58.84894	53.98443	904.554	760.51469	-0.00116481	0.01674394	-0.02246543	0.00046556	0.00016081	0.00030475	0.22610164	0.00010526	0.52673653	229.4	236.87	1.0
Q0255	5120.95747	1.3145	-54.28766	57.77091	1253.60935	1011.16877	0.00058178	0.01855355	-0.02169894	0.00059681	0.00022104	0.00037577	0.233197	0.00013917	0.54308189	319.46	314.74	1.0
Q0257	2682.50595	1.4804	-46.46731	84.12031	690.46642	629.34114	0.00143063	0.02390936	-0.02323137	0.00111986	0.00073859	0.00038127	0.22454718	0.00025146	0.64180948	193.79	175.79	1.0
Q0257	2682.50595	1.4804	-46.46731	84.12031	690.46642	629.34114	0.00143063	0.02390936	-0.02323137	0.00111986	0.00073859	0.00038127	0.22454718	0.00025146	0.64180948	193.79	175.79	1.0
Q0258	3518.39053	1.4125	-60.63706	67.49671	1052.86426	627.35307	0.00244166	0.02084022	-0.028436	0.00090511	0.00026758	0.00063753	0.20823511	0.00018848	0.64426508	204.39	266.12	0.0
Q0262	3273.8288	1.3776	-60.68027	54.30882	804.77581	755.82347	-0.00034371	0.02336001	-0.02558266	0.00073238	0.00024673	0.00048565	0.22339401	0.00016361	0.66495035	161.34	275.67	1.0
Q0263	2634.09581	1.699	-49.49848	77.94655	747.47462	558.76117	0.00603395	0.03613415	-0.03423216	0.0011632	0.00059365	0.00056955	0.24989268	0.00029068	0.96112099	106.49	259.29	0.0
Q0263	2634.09581	1.699	-49.49848	77.94655	747.47462	558.76117	0.00603395	0.03613415	-0.03423216	0.0011632	0.00059365	0.00056955	0.24989268	0.00029068	0.96112099	106.49	259.29	0.0
Q0269	4107.11385	1.4149	-52.72464	53.83917	1186.05618	786.33147	0.00217945	0.01731447	-0.02064931	0.00045283	0.00012694	0.0003259	0.20173762	9.135e-05	0.50732824	267.12	285.2	1.0
Q0270	2198.06472	1.4137	-40.58932	27.37284	625.97447	480.42774	-7.559e-05	0.01794966	-0.02356163	0.00036196	9.982e-05	0.00026215	0.19972061	7.229e-05	0.55474543	130.8	179.02	0.0
Q0270	2198.06472	1.4137	-40.58932	27.37284	625.97447	480.42774	-7.559e-05	0.01794966	-0.02356163	0.00036196	9.982e-05	0.00026215	0.19972061	7.229e-05	0.55474543	130.8	179.02	0.0
Q0271	3814.37754	1.3618	-59.45575	35.13443	1079.02322	760.84496	0.00088809	0.01995777	-0.02615636	0.00063141	0.00012623	0.00050518	0.15995437	0.000101	0.61282991	202.75	312.47	1.0
Q0275	4049.20694	1.3992	-50.5932	60.55149	1081.55441	831.41335	0.00054277	0.02012215	-0.02492729	0.00059967	0.00023074	0.00036893	0.23672554	0.00014196	0.60438001	236.39	299.3	1.0
Q0280	2919.39346	1.3221	-55.51041	61.90794	806.08114	613.84263	-0.00043901	0.01862747	-0.02547659	0.00072762	0.00024834	0.00047927	0.22481716	0.00016358	0.58745007	185.89	211.73	1.0
Q0280	2919.39346	1.3221	-55.51041	61.90794	806.08114	613.84263	-0.00043901	0.01862747	-0.02547659	0.00072762	0.00024834	0.00047927	0.22481716	0.00016358	0.58745007	185.89	211.73	1.0
Q0281	3282.03961	1.5755	-61.86287	60.85228	712.79065	792.60814	-0.00099646	0.03522658	-0.03357175	0.00105943	0.00043953	0.0006199	0.24275353	0.00025718	0.934855	104.47	317.09	0.0
Q0281	3282.03961	1.5755	-61.86287	60.85228	712.79065	792.60814	-0.00099646	0.03522658	-0.03357175	0.00105943	0.00043953	0.0006199	0.24275353	0.00025718	0.934855	104.47	317.09	0.0
Q0282	2293.5661	1.3944	-44.42595	31.1901	645.12714	475.11436	0.00067039	0.01930928	-0.02463814	0.000506	0.00014864	0.00035736	0.20746383	0.00010498	0.58693165	134.7	179.0	1.0
Q0282	2293.5661	1.3944	-44.42595	31.1901	645.12714	475.11436	0.00067039	0.01930928	-0.02463814	0.000506	0.00014864	0.00035736	0.20746383	0.00010498	0.58693165	134.7	179.0	1.0
Q0282	2293.5661	1.3944	-44.42595	31.1901	645.12714	475.11436	0.00067039	0.01930928	-0.02463814	0.000506	0.00014864	0.00035736	0.20746383	0.00010498	0.58693165	134.7	179.0	1.0
Q0287	3606.12747	1.4373	-50.31412	45.32682	1055.6705	648.54767	0.00424892	0.02615973	-0.0314163	0.00073906	0.0001817	0.00055735	0.18541267	0.00013703	0.76627641	136.45	340.78	1.0
Q0289	3232.31762	1.5064	-69.833	83.87706	947.76795	600.77918	-0.00051632	0.02339219	-0.03823352	0.00137657	0.00042434	0.00095223	0.21323487	0.00029353	0.79321392	175.69	257.95	1.0
Q0289	3232.31762	1.5064	-69.833	83.87706	947.76795	600.77918	-0.00051632	0.02339219	-0.03823352	0.00137657	0.00042434	0.00095223	0.21323487	0.00029353	0.79321392	175.69	257.95	1.0
Q0289	3232.31762	1.5064	-69.833	83.87706	947.76795	600.77918	-0.00051632	0.02339219	-0.03823352	0.00137657	0.00042434	0.00095223	0.21323487	0.00029353	0.79321392	175.69	257.95	1.0
Q0290	2340.47568	1.5	-44.44841	68.79156	593.67815	569.1774	0.00144354	0.02254124	-0.02056234	0.00061673	0.00035265	0.00026408	0.24484354	0.000151	0.58702132	145.01	180.62	1.0
Q0290	2340.47568	1.5	-44.44841	68.79156	593.67815	569.1774	0.00144354	0.02254124	-0.02056234	0.00061673	0.00035265	0.00026408	0.24484354	0.000151	0.58702132	145.01	180.62	1.0
Q0295	2490.98431	1.5356	-43.27657	64.37929	519.48672	701.16074	-0.00173241	0.01838024	-0.01663377	0.00045937	0.00025745	0.00020192	0.2463469	0.00011316	0.47285332	192.34	149.48	1.0
Q0295	2490.98431	1.5356	-43.27657	64.37929	519.48672	701.16074	-0.00173241	0.01838024	-0.01663377	0.00045937	0.00025745	0.00020192	0.2463469	0.00011316	0.47285332	192.34	149.48	1.0
Q0295	2490.98431	1.5356	-43.27657	64.37929	519.48672	701.16074	-0.00173241	0.01838024	-0.01663377	0.00045937	0.00025745	0.00020192	0.2463469	0.00011316	0.47285332	192.34	149.48	1.0
Q0296	2912.07905	1.4176	-52.09412	58.57268	767.37507	640.69965	0.00112399	0.0232307	-0.02535353	0.00069447	0.00026735	0.00042712	0.2367675	0.00016443	0.65842365	156.57	237.73	0.0
Q0296	2912.07905	1.4176	-52.09412	58.57268	767.37507	640.69965	0.00112399	0.0232307	-0.02535353	0.00069447	0.00026735	0.00042712	0.2367675	0.00016443	0.65842365	156.57	237.73	0.0
Q0297	3845.43058	1.45	-58.7411	61.69304	1037.94811	608.86578	0.00262004	0.02438961	-0.03449107	0.00093909	0.00025601	0.00068308	0.19829758	0.00018622	0.76530271	164.39	296.76	0.0
Q0297	3845.43058	1.45	-58.7411	61.69304	1037.94811	608.86578	0.00262004	0.02438961	-0.03449107	0.00093909	0.00025601	0.00068308	0.19829758	0.00018622	0.76530271	164.39	296.76	0.0
Q0298	2901.0306	1.4731	-48.19477	40.12486	832.82084	602.89543	0.00281423	0.02201428	-0.02370812	0.00057473	0.00021754	0.00035719	0.23524052	0.0001352	0.61839421	164.46	237.58	0.0
Q0298	2901.0306	1.4731	-48.19477	40.12486	832.82084	602.89543	0.00281423	0.02201428	-0.02370812	0.00057473	0.00021754	0.00035719	0.23524052	0.0001352	0.61839421	164.46	237.58	0.0
Q0299	2912.69774	1.6497	-57.4287	66.52339	787.04741	630.48688	0.00345218	0.02328221	-0.02130198	0.00073488	0.00032233	0.00041255	0.24623194	0.00018095	0.60957438	187.99	208.96	1.0
Q0300	2893.77651	1.4421	-73.95147	82.2041	783.87759	600.03877	0.0023509	0.02712775	-0.03001703	0.00143397	0.00055241	0.00088156	0.2368279	0.00033961	0.77227224	160.9	226.64	1.0
Q0302	3213.77686	1.3302	-58.65223	75.89805	821.85774	685.64485	-0.00059057	0.0200057	-0.02527858	0.00086301	0.00044868	0.00041433	0.24960412	0.00021541	0.60964168	195.55	226.6	1.0
Q0303	2667.04115	1.4385	-45.89777	37.28098	573.6273	700.96534	-0.00208899	0.01911508	-0.01944111	0.00037192	0.00016418	0.00020774	0.24657017	9.17e-05	0.52502687	161.47	195.45	1.0
Q0304	2541.628	1.6634	-41.02017	33.03515	747.9753	545.08798	0.00345895	0.02136629	-0.0211137	0.00042724	0.00015652	0.00027072	0.23213748	9.918e-05	0.57850897	157.69	204.41	1.0
Q0305	2977.6714	1.4069	-53.97877	47.22061	842.56761	599.81464	0.00372062	0.02352934	-0.02410495	0.00053716	0.00015556	0.0003816	0.20573281	0.00011051	0.64677943	126.08	277.83	1.0
Q0308	3232.50525	1.4956	-60.62801	73.88834	877.79163	680.87336	0.00091088	0.0251971	-0.03039925	0.00109054	0.00041238	0.00067816	0.23515064	0.00025644	0.74748475	175.15	261.32	1.0
Q0312	2885.43079	1.679	-46.52116	59.05455	721.64151	698.95929	-3.251e-05	0.0205398	-0.02127242	0.00065052	0.00025143	0.00039908	0.23712109	0.00015425	0.56872513	198.99	198.82	0.0
Q0313	4425.49065	1.4398	-80.61369	84.93637	1040.44934	951.35545	0.00096747	0.03028776	-0.03109864	0.00126227	0.00056706	0.0006952	0.24742371	0.00031231	0.83471085	180.32	377.44	1.0
Q0314	3070.14849	1.4398	-32.20784	26.74229	620.1534	850.83493	-0.00567608	0.01983558	-0.02427092	0.00025673	0.00010685	0.00014988	0.24297637	6.238e-05	0.60956299	129.25	282.66	0.0
Q0319	3763.05288	1.3894	-61.59071	70.02876	924.7416	906.4313	-0.00301136	0.02070699	-0.02720883	0.00087492	0.00039906	0.00047586	0.24807354	0.00021704	0.65104334	229.09	283.69	1.0
Q0319	3763.05288	1.3894	-61.59071	70.02876	924.7416	906.4313	-0.00301136	0.02070699	-0.02720883	0.00087492	0.00039906	0.00047586	0.24807354	0.00021704	0.65104334	229.09	283.69	1.0
Q0321	2432.79668	1.4848	-49.32894	38.18846	602.99678	600.89609	-0.00124764	0.02269325	-0.02527223	0.00065714	0.00019786	0.00045928	0.21043778	0.00013829	0.65254223	143.86	193.27	1.0
Q0322	3433.21733	1.3955	-56.40627	64.60398	855.56994	763.81911	-0.00029352	0.02426961	-0.02780719	0.00074979	0.0003037	0.00044608	0.24098496	0.00018069	0.70581389	152.11	301.37	1.0
Q0323	3247.78039	1.5934	-53.16861	38.47485	917.63076	659.72603	0.0013665	0.01956699	-0.02394906	0.00060637	0.00021942	0.00038694	0.23091954	0.00014002	0.58231769	208.57	233.13	1.0
Q0325	3027.03348	1.6193	-52.52625	48.16805	860.04417	593.94635	0.00564275	0.02975335	-0.0292698	0.00086309	0.00028624	0.00057685	0.22165596	0.00019131	0.80425489	122.7	284.46	0.0
Q0332	2169.75209	1.3289	-56.07116	63.795	583.19131	519.02954	0.00085248	0.02143935	-0.02227932	0.00082668	0.00035716	0.00046952	0.24538165	0.00020285	0.59415742	154.36	154.29	0.0
Q0334	3581.7605	1.3876	-51.43896	38.17608	928.82613	762.12071	-3.73e-05	0.01722053	-0.02107008	0.0004232	0.00010609	0.00031711	0.18784526	7.95e-05	0.51580674	229.59	243.92	1.0
Q0335	3182.3877	1.3891	-51.35438	60.90264	1029.2846	479.88396	0.00198334	0.01808744	-0.03255774	0.00099193	0.00024471	0.00074722	0.18583756	0.00018434	0.61739072	219.67	202.94	1.0
Q0339	2773.31214	1.5005	-50.95852	49.71081	834.43858	494.67485	0.00654366	0.02629789	-0.02677862	0.00076322	0.00028262	0.0004806	0.2331766	0.00017797	0.7204706	129.11	243.08	0.0
Q0343	2709.18464	1.5566	-44.55268	65.4016	732.2451	592.59716	0.00205441	0.02635971	-0.02797854	0.00054058	0.00029604	0.00024453	0.24773017	0.00013392	0.73698773	105.02	265.97	0.0
Q0346	2913.41915	1.4823	-39.9052	31.64657	655.07636	726.32976	-0.00044804	0.02006344	-0.01894733	0.00035252	0.00019111	0.00016142	0.2482265	8.751e-05	0.52998536	176.12	210.72	0.0
Q0347	3032.68044	1.5847	-63.08741	70.72155	837.93575	605.71353	-0.00132347	0.02805763	-0.04196887	0.00141813	0.00041932	0.00099881	0.20825634	0.00029533	0.92231318	127.15	277.11	0.0
Q0350	1754.12814	1.5346	-47.48364	56.47387	406.49487	481.89403	-0.00058799	0.02071766	-0.01856006	0.0005766	0.00033643	0.00024017	0.24303323	0.00014013	0.53190913	139.13	109.64	0.0
Q0351	3380.70084	1.394	-57.26849	68.09428	855.90126	717.89075	-0.00027278	0.02125692	-0.02594143	0.00063243	0.00028521	0.00034721	0.24759731	0.00015659	0.63657701	170.01	270.7	1.0
Q0352	3092.75647	1.5829	-40.20456	29.91273	801.90573	703.15724	0.00114305	0.01906438	-0.01929508	0.00035054	0.00014535	0.00020519	0.2427162	8.508e-05	0.52170101	196.63	224.83	1.0
Q0353	3202.01103	1.7437	-34.38788	94.87182	837.10655	714.90355	0.01006259	0.03482255	-0.01892975	0.00100744	0.0008083	0.00019914	0.15859447	0.00015977	0.74836294	163.82	270.79	1.0
Q0354	2162.71367	1.8146	-54.32935	48.07389	597.3225	500.80988	0.00196518	0.02333753	-0.02352589	0.00072997	0.00028668	0.00044328	0.23849453	0.00017409	0.637384	126.97	180.54	0.0
Q0355	3050.56747	1.5736	-42.96303	77.51942	678.2601	808.8486	0.0014108	0.02784808	-0.02075818	0.00072715	0.00053598	0.00019117	0.19378461	0.00014091	0.65285092	158.79	257.64	1.0
Q0356	3323.35887	1.5324	-62.49828	38.5026	824.63647	763.65979	-0.00304756	0.0226435	-0.03079	0.00097468	0.00022588	0.00074879	0.17804267	0.00017353	0.72274456	168.62	276.14	0.0
Q0356	3323.35887	1.5324	-62.49828	38.5026	824.63647	763.65979	-0.00304756	0.0226435	-0.03079	0.00097468	0.00022588	0.00074879	0.17804267	0.00017353	0.72274456	168.62	276.14	0.0
Q0356	3323.35887	1.5324	-62.49828	38.5026	824.63647	763.65979	-0.00304756	0.0226435	-0.03079	0.00097468	0.00022588	0.00074879	0.17804267	0.00017353	0.72274456	168.62	276.14	0.0
Q0357	3912.69227	1.4394	-61.85009	74.01094	1048.51325	608.22366	0.00319986	0.02259478	-0.03023494	0.00104024	0.00034039	0.00069985	0.22014773	0.00022901	0.69115957	188.5	275.43	1.0
Q0357	3912.69227	1.4394	-61.85009	74.01094	1048.51325	608.22366	0.00319986	0.02259478	-0.03023494	0.00104024	0.00034039	0.00069985	0.22014773	0.00022901	0.69115957	188.5	275.43	1.0
Q0359	2968.2577	1.5643	-46.40145	67.288	840.04309	621.98269	0.00374833	0.02996002	-0.03165289	0.00087592	0.00044276	0.00043315	0.24996989	0.00021895	0.83485097	120.29	289.12	0.0
Q0363	2313.27834	1.4956	-55.92292	87.57935	592.75714	553.7741	0.00457588	0.03473514	-0.02770644	0.00136423	0.0008102	0.00055403	0.24118467	0.00032903	0.85281236	113.53	207.53	0.0
Q0364	2511.39599	1.4249	-64.13878	48.64154	732.39283	508.23814	0.00145775	0.02110983	-0.02686173	0.00091841	0.00018695	0.00073147	0.16211953	0.00014889	0.63854677	157.84	189.57	1.0
Q0370	3184.49983	1.6043	-73.19774	50.1039	985.33205	568.37697	0.00178031	0.02542408	-0.03920827	0.00109324	0.00030529	0.00078795	0.20126892	0.00022004	0.82903844	144.25	290.83	1.0
Q0371	3099.9555	1.6172	-54.31766	68.11277	637.83169	887.80274	-0.00168936	0.03036737	-0.02472016	0.00091461	0.00054887	0.00036575	0.23997876	0.00021949	0.73691483	152.95	274.28	1.0
Q0371	3099.9555	1.6172	-54.31766	68.11277	637.83169	887.80274	-0.00168936	0.03036737	-0.02472016	0.00091461	0.00054887	0.00036575	0.23997876	0.00021949	0.73691483	152.95	274.28	1.0
Q0375	4018.21921	1.3988	-63.08672	35.17879	1021.59313	887.03236	-0.00133002	0.01954923	-0.02537659	0.00062913	0.00013223	0.00049689	0.16600723	0.00010444	0.60565711	219.58	314.89	1.0
Q0376	3880.47843	1.3618	-57.25795	28.14943	981.00086	777.85435	-0.00041987	0.0164495	-0.02169489	0.00056553	0.00010717	0.00045836	0.15359216	8.686e-05	0.5107379	255.53	237.0	1.0
Q0376	3880.47843	1.3618	-57.25795	28.14943	981.00086	777.85435	-0.00041987	0.0164495	-0.02169489	0.00056553	0.00010717	0.00045836	0.15359216	8.686e-05	0.5107379	255.53	237.0	1.0
Q0376	3880.47843	1.3618	-57.25795	28.14943	981.00086	777.85435	-0.00041987	0.0164495	-0.02169489	0.00056553	0.00010717	0.00045836	0.15359216	8.686e-05	0.5107379	255.53	237.0	1.0
Q0377	2861.65773	1.627	-46.85088	37.1757	797.09929	566.71936	-0.00188148	0.01942438	-0.03184848	0.00079337	0.00018954	0.00060382	0.18183245	0.00014426	0.66904834	170.31	211.6	1.0
Q0378	3918.95371	1.5556	-51.49769	62.19551	1055.16213	796.44485	0.00619518	0.03014987	-0.02554095	0.00070474	0.0002955	0.00040925	0.24348725	0.0001716	0.76647398	149.95	368.55	1.0
Q0382	3445.52894	1.5106	-59.43786	42.22339	934.43184	700.65264	0.00177285	0.02637118	-0.03103294	0.00104695	0.00026821	0.00077874	0.19055383	0.0001995	0.77195434	169.3	288.57	0.0
Q0384	2429.90585	1.6384	-57.03643	64.60464	663.8588	585.4051	0.00394487	0.02785312	-0.02316748	0.00086895	0.0004648	0.00040415	0.24878218	0.00021618	0.69817421	140.32	209.51	0.0
Q0391	4813.26409	1.3147	-53.76881	57.694	1324.74532	920.90483	0.00140001	0.01796421	-0.02242803	0.0005805	0.00014315	0.00043735	0.1857897	0.00010785	0.53864246	304.39	324.46	1.0
Q0391	4813.26409	1.3147	-53.76881	57.694	1324.74532	920.90483	0.00140001	0.01796421	-0.02242803	0.0005805	0.00014315	0.00043735	0.1857897	0.00010785	0.53864246	304.39	324.46	1.0
Q0393	3642.28054	1.4568	-56.88068	31.17301	900.29606	801.72274	-1.304e-05	0.01986416	-0.02233417	0.00060012	0.0001413	0.00045881	0.18001775	0.00010803	0.57219118	224.97	251.64	1.0
Q0394	3352.01949	1.6576	-58.81708	63.51704	905.97391	695.64756	0.00104298	0.02237589	-0.02673985	0.00090024	0.00028449	0.00061575	0.21615042	0.00019459	0.66045657	203.63	244.87	1.0
Q0394	3352.01949	1.6576	-58.81708	63.51704	905.97391	695.64756	0.00104298	0.02237589	-0.02673985	0.00090024	0.00028449	0.00061575	0.21615042	0.00019459	0.66045657	203.63	244.87	1.0
Q0399	3611.4253	1.5653	-49.43532	45.4602	864.33353	830.81162	-0.00135892	0.02285379	-0.02654858	0.00052761	0.0002081	0.00031951	0.23885196	0.00012602	0.67115932	154.23	320.46	1.0
Q0401	3899.63894	1.4642	-49.2242	28.93327	949.2887	930.69576	-0.00199126	0.02024418	-0.02467091	0.00051706	0.00012838	0.00038868	0.18664071	9.651e-05	0.61050532	202.53	323.92	1.0
Q0403	3019.67367	1.4823	-49.34879	67.54744	891.8795	575.85118	0.00448454	0.02752915	-0.03120699	0.00101103	0.00039611	0.00061492	0.23828991	0.00024092	0.78837141	142.86	268.15	0.0
Q0404	3393.20964	1.3985	-86.27085	49.15059	844.64151	755.82572	0.00010245	0.0318772	-0.03540609	0.00169268	0.00050475	0.00118793	0.20927563	0.00035424	0.91277133	161.37	286.8	0.0
Q0404	3393.20964	1.3985	-86.27085	49.15059	844.64151	755.82572	0.00010245	0.0318772	-0.03540609	0.00169268	0.00050475	0.00118793	0.20927563	0.00035424	0.91277133	161.37	286.8	0.0
Q0405	2481.17519	1.4291	-48.41204	84.49622	639.81135	565.9796	0.00095342	0.02671785	-0.02817196	0.00109913	0.00068726	0.00041187	0.23430545	0.00025753	0.74560237	136.39	201.27	0.0
Q0406	2583.00164	1.4505	-52.32456	73.37375	625.43172	620.83349	0.00111897	0.02308817	-0.02101295	0.00087855	0.00047402	0.00040453	0.24843578	0.00021826	0.60013041	184.04	164.95	0.0
Q0406	2583.00164	1.4505	-52.32456	73.37375	625.43172	620.83349	0.00111897	0.02308817	-0.02101295	0.00087855	0.00047402	0.00040453	0.24843578	0.00021826	0.60013041	184.04	164.95	0.0
Q0410	2880.80503	1.5069	-49.54694	31.82513	734.48308	647.13407	-0.00111226	0.02035912	-0.0254818	0.00043935	0.00014495	0.00029439	0.2210759	9.713e-05	0.61929091	137.86	249.03	0.0
Q0411	3523.12927	1.4551	-58.88765	62.73983	822.69812	794.65552	-0.00352797	0.01789678	-0.02570878	0.00072994	0.0002566	0.00047333	0.22796028	0.0001664	0.59144087	214.05	238.85	1.0
Q0412	2995.17953	1.7298	-50.96877	47.73664	912.69669	535.07588	0.00704405	0.02804257	-0.02877382	0.00089555	0.00030574	0.00058981	0.22484644	0.00020136	0.77043132	139.09	266.33	1.0
Q0412	2995.17953	1.7298	-50.96877	47.73664	912.69669	535.07588	0.00704405	0.02804257	-0.02877382	0.00089555	0.00030574	0.00058981	0.22484644	0.00020136	0.77043132	139.09	266.33	1.0
Q0415	2492.32124	1.4043	-43.98762	32.16607	669.36351	553.09978	0.00052439	0.01761386	-0.02015734	0.0004328	0.00015006	0.00028274	0.22650791	9.803e-05	0.51061203	173.51	168.81	0.0
Q0416	3126.07362	1.4211	-53.76727	51.80787	863.55667	647.41294	0.00454372	0.02238721	-0.01925696	0.00066655	0.0002412	0.00042535	0.23091668	0.00015392	0.57269012	204.37	218.74	1.0
Q0418	2834.79437	1.563	-64.60238	71.06507	741.14117	572.75649	-0.00176735	0.02517888	-0.03663549	0.00101247	0.00031644	0.00069604	0.21485762	0.00021754	0.82105079	110.57	257.36	1.0
Q0418	2834.79437	1.563	-64.60238	71.06507	741.14117	572.75649	-0.00176735	0.02517888	-0.03663549	0.00101247	0.00031644	0.00069604	0.21485762	0.00021754	0.82105079	110.57	257.36	1.0
Q0419	3349.81021	1.4435	-57.21056	39.27246	968.40434	582.87168	0.00221483	0.02456817	-0.03492381	0.00100535	0.00021985	0.0007855	0.17085717	0.00017177	0.7744133	149.65	284.75	1.0
Q0419	3349.81021	1.4435	-57.21056	39.27246	968.40434	582.87168	0.00221483	0.02456817	-0.03492381	0.00100535	0.00021985	0.0007855	0.17085717	0.00017177	0.7744133	149.65	284.75	1.0
Q0420	2899.76831	1.532	-48.93876	66.9338	822.52528	576.28139	0.00294287	0.02236081	-0.02477232	0.00057619	0.00023141	0.00034479	0.24032004	0.00013847	0.63550295	136.69	255.02	1.0
Q0421	2831.19368	1.4422	-41.63813	42.04385	838.10746	558.40902	0.00166453	0.01818192	-0.02312617	0.00053069	0.00019132	0.00033937	0.23054079	0.00012235	0.54855213	191.93	199.14	1.0
Q0421	2831.19368	1.4422	-41.63813	42.04385	838.10746	558.40902	0.00166453	0.01818192	-0.02312617	0.00053069	0.00019132	0.00033937	0.23054079	0.00012235	0.54855213	191.93	199.14	1.0
Q0422	2795.97547	1.6848	-77.1722	87.52299	784.59582	592.5322	0.0011904	0.02667116	-0.03254971	0.00154024	0.00067103	0.00086922	0.24586069	0.00037869	0.79458612	160.54	225.09	0.0
Q0422	2795.97547	1.6848	-77.1722	87.52299	784.59582	592.5322	0.0011904	0.02667116	-0.03254971	0.00154024	0.00067103	0.00086922	0.24586069	0.00037869	0.79458612	160.54	225.09	0.0
Q0422	2795.97547	1.6848	-77.1722	87.52299	784.59582	592.5322	0.0011904	0.02667116	-0.03254971	0.00154024	0.00067103	0.00086922	0.24586069	0.00037869	0.79458612	160.54	225.09	0.0
Q0424	2486.92135	1.4568	-66.57042	63.03891	686.087	563.40489	-0.00138112	0.02356426	-0.03175838	0.00109048	0.00033275	0.00075773	0.21203134	0.00023122	0.74175637	139.62	210.27	0.0
Q0425	3728.53809	1.4291	-62.21137	39.74818	1076.64129	642.30738	0.00330796	0.02468335	-0.03252165	0.00086774	0.00016853	0.00069922	0.15649425	0.0001358	0.75136701	152.13	329.23	1.0
Q0425	3728.53809	1.4291	-62.21137	39.74818	1076.64129	642.30738	0.00330796	0.02468335	-0.03252165	0.00086774	0.00016853	0.00069922	0.15649425	0.0001358	0.75136701	152.13	329.23	1.0
Q0429	3160.73728	1.6022	-47.99012	67.2058	798.51646	738.79858	0.00594506	0.03422482	-0.02462058	0.00096498	0.00053271	0.00043227	0.24729182	0.00023863	0.80570841	160.58	269.91	1.0
Q0430	4127.17077	1.5597	-71.41953	72.63956	1165.47218	848.16643	0.00277129	0.02313091	-0.02520503	0.00085182	0.00031874	0.00053308	0.23417063	0.00019947	0.65319714	231.03	332.85	1.0
Q0430	4127.17077	1.5597	-71.41953	72.63956	1165.47218	848.16643	0.00277129	0.02313091	-0.02520503	0.00085182	0.00031874	0.00053308	0.23417063	0.00019947	0.65319714	231.03	332.85	1.0
Q0434	3556.91554	1.5735	-57.1067	51.06703	914.79098	794.30438	0.00160829	0.02676801	-0.02736787	0.00066741	0.00026576	0.00040164	0.23963675	0.00015993	0.73598062	153.65	324.95	1.0
Q0436	3259.39676	1.4626	-65.36823	58.9221	778.79267	858.55138	-0.00472393	0.02194897	-0.02891893	0.00080217	0.00023213	0.00057003	0.20564089	0.00016496	0.69671246	169.07	289.44	0.0
Q0436	3259.39676	1.4626	-65.36823	58.9221	778.79267	858.55138	-0.00472393	0.02194897	-0.02891893	0.00080217	0.00023213	0.00057003	0.20564089	0.00016496	0.69671246	169.07	289.44	0.0
Q0437	4029.68372	1.4295	-40.30871	63.64964	984.27013	890.85901	0.00213073	0.02538682	-0.02356388	0.00060868	0.00041554	0.00019314	0.21662351	0.00013186	0.66724362	199.46	325.63	1.0
Q0439	1755.26027	1.6038	-48.75495	78.87734	474.20744	417.77972	0.00255812	0.03512778	-0.03441059	0.00100466	0.00061338	0.00039127	0.23778131	0.00023889	0.94673489	54.93	194.85	1.0
Q0439	1755.26027	1.6038	-48.75495	78.87734	474.20744	417.77972	0.00255812	0.03512778	-0.03441059	0.00100466	0.00061338	0.00039127	0.23778131	0.00023889	0.94673489	54.93	194.85	1.0
Q0440	3676.0187	1.5165	-91.65045	42.50716	956.07205	785.82421	-0.00306094	0.02338687	-0.03523865	0.00125925	0.0001553	0.00110396	0.10811631	0.00013615	0.78188049	161.04	326.74	1.0
Q0441	2288.26688	1.7978	-65.3812	38.75679	644.88405	508.82297	0.00139818	0.02276223	-0.02567868	0.00086706	0.00024111	0.00062595	0.20075144	0.00017406	0.6543925	139.67	183.4	1.0
Q0443	3343.17642	1.5633	-41.59101	40.98061	1021.49943	610.31096	0.00678233	0.02533733	-0.02427382	0.00052572	0.00026187	0.00026385	0.24999647	0.00013143	0.67864012	160.97	295.99	0.0
Q0443	3343.17642	1.5633	-41.59101	40.98061	1021.49943	610.31096	0.00678233	0.02533733	-0.02427382	0.00052572	0.00026187	0.00026385	0.24999647	0.00013143	0.67864012	160.97	295.99	0.0
Q0445	2682.8093	1.8409	-61.86986	95.4153	692.80084	586.20912	0.00546406	0.03591707	-0.03052629	0.00145148	0.00095009	0.00050139	0.22610919	0.00032819	0.91012041	121.6	236.56	1.0
Q0446	3177.9664	1.5176	-61.44016	53.31117	776.97841	754.09473	-0.00253	0.02235007	-0.02816508	0.00091829	0.0002208	0.0006975	0.18263012	0.00016771	0.68611106	184.63	244.11	0.0
Q0446	3177.9664	1.5176	-61.44016	53.31117	776.97841	754.09473	-0.00253	0.02235007	-0.02816508	0.00091829	0.0002208	0.0006975	0.18263012	0.00016771	0.68611106	184.63	244.11	0.0
Q0447	3271.02634	1.379	-52.02186	38.89693	959.0173	550.00484	0.00390123	0.02235501	-0.02827575	0.00074464	0.00016178	0.00058286	0.17005494	0.00012663	0.66703221	150.36	272.2	1.0
Q0448	2561.51961	1.4933	-48.46455	31.75993	702.73258	528.26141	-0.00032235	0.02002171	-0.02738553	0.00061712	0.00016017	0.00045695	0.1921808	0.0001186	0.63080825	141.33	203.38	1.0
Q0449	2445.15155	1.3856	-54.87973	26.53671	608.54805	556.88466	-0.00167037	0.01767965	-0.02281554	0.00049498	0.00011469	0.00038028	0.17802179	8.812e-05	0.54786742	153.88	172.47	1.0
Q0449	2445.15155	1.3856	-54.87973	26.53671	608.54805	556.88466	-0.00167037	0.01767965	-0.02281554	0.00049498	0.00011469	0.00038028	0.17802179	8.812e-05	0.54786742	153.88	172.47	1.0
Q0450	2253.12383	1.3593	-56.96964	66.73875	647.00338	513.13584	0.00384089	0.02875153	-0.02756846	0.00110429	0.00045847	0.00064582	0.24280437	0.00026813	0.76812979	125.91	198.97	0.0
Q0451	2786.65447	1.413	-54.01058	53.34434	733.18145	648.15151	0.00013196	0.02171775	-0.02428562	0.00079502	0.00027044	0.00052458	0.22445355	0.00017845	0.623757	173.48	213.33	0.0
Q0451	2786.65447	1.413	-54.01058	53.34434	733.18145	648.15151	0.00013196	0.02171775	-0.02428562	0.00079502	0.00027044	0.00052458	0.22445355	0.00017845	0.623757	173.48	213.33	0.0
Q0451	2786.65447	1.413	-54.01058	53.34434	733.18145	648.15151	0.00013196	0.02171775	-0.02428562	0.00079502	0.00027044	0.00052458	0.22445355	0.00017845	0.623757	173.48	213.33	0.0
Q0451	2786.65447	1.413	-54.01058	53.34434	733.18145	648.15151	0.00013196	0.02171775	-0.02428562	0.00079502	0.00027044	0.00052458	0.22445355	0.00017845	0.623757	173.48	213.33	0.0
Q0453	2123.47425	1.363	-48.06166	70.70327	549.65863	538.0913	0.00025399	0.02419698	-0.0242037	0.00078595	0.00043916	0.00034679	0.24654663	0.00019377	0.65852364	125.56	179.04	0.0
Q0454	2665.92996	1.5485	-43.83341	38.84852	698.3081	614.6215	0.00222396	0.02301022	-0.02139256	0.00042319	0.0001606	0.00026259	0.2354815	9.965e-05	0.60553339	140.93	226.72	0.0
Q0454	2665.92996	1.5485	-43.83341	38.84852	698.3081	614.6215	0.00222396	0.02301022	-0.02139256	0.00042319	0.0001606	0.00026259	0.2354815	9.965e-05	0.60553339	140.93	226.72	0.0
Q0456	3058.74116	1.4633	-55.87635	40.60599	819.91998	649.61687	-0.00118228	0.02244011	-0.03099751	0.00053249	0.00016234	0.00037015	0.21192103	0.00011285	0.71356292	119.41	292.1	1.0
Q0458	3501.19894	1.5874	-59.73817	79.27069	955.48195	704.55693	0.00250053	0.02766003	-0.03161942	0.00127721	0.00045274	0.00082448	0.22882174	0.00029225	0.79839513	179.3	285.56	1.0
Q0460	2875.6931	1.5369	-42.59988	55.73483	688.57683	703.78034	0.0015223	0.0207435	-0.01728367	0.00037706	0.00024	0.00013706	0.23136625	8.724e-05	0.51687187	188.88	201.02	1.0
Q0460	2875.6931	1.5369	-42.59988	55.73483	688.57683	703.78034	0.0015223	0.0207435	-0.01728367	0.00037706	0.00024	0.00013706	0.23136625	8.724e-05	0.51687187	188.88	201.02	1.0
Q0463	2990.81607	1.5126	-54.75055	73.03171	753.95085	675.52408	0.00143597	0.02125908	-0.02068856	0.00075527	0.00041187	0.0003434	0.24794496	0.00018727	0.57115248	193.37	206.93	0.0
Q0464	3431.51888	1.4776	-58.83108	43.12917	851.1728	777.25026	0.00187537	0.02444733	-0.02284337	0.00065038	0.00024998	0.00040041	0.2366261	0.0001539	0.64441337	184.56	271.45	1.0
Q0464	3431.51888	1.4776	-58.83108	43.12917	851.1728	777.25026	0.00187537	0.02444733	-0.02284337	0.00065038	0.00024998	0.00040041	0.2366261	0.0001539	0.64441337	184.56	271.45	1.0
Q0465	2715.41631	1.3675	-56.42918	86.77187	742.40279	583.70819	-0.00014214	0.0222292	-0.02859565	0.00107595	0.00057628	0.00049967	0.24873258	0.00026762	0.68114152	163.44	207.91	0.0
Q0468	3143.55195	1.6236	-44.56091	48.90511	834.57694	599.15908	0.00074151	0.01909126	-0.02481811	0.00067291	0.00017486	0.00049805	0.19232891	0.00012942	0.58462332	190.81	210.68	0.0
Q0468	3143.55195	1.6236	-44.56091	48.90511	834.57694	599.15908	0.00074151	0.01909126	-0.02481811	0.00067291	0.00017486	0.00049805	0.19232891	0.00012942	0.58462332	190.81	210.68	0.0
Q0469	2428.51493	1.5241	-44.06417	33.68825	614.60045	593.45977	-0.00087486	0.02019454	-0.02269482	0.00040857	0.00018053	0.00022804	0.24661931	0.00010076	0.58294408	142.21	196.08	1.0
Q0469	2428.51493	1.5241	-44.06417	33.68825	614.60045	593.45977	-0.00087486	0.02019454	-0.02269482	0.00040857	0.00018053	0.00022804	0.24661931	0.00010076	0.58294408	142.21	196.08	1.0
Q0472	2293.11898	1.4384	-72.66787	80.88789	695.62967	480.22559	0.00318691	0.02934209	-0.03470012	0.00164314	0.00053131	0.00111183	0.2187957	0.00035951	0.85798417	102.92	226.35	0.0
Q0472	2293.11898	1.4384	-72.66787	80.88789	695.62967	480.22559	0.00318691	0.02934209	-0.03470012	0.00164314	0.00053131	0.00111183	0.2187957	0.00035951	0.85798417	102.92	226.35	0.0
Q0473	3365.46934	1.3935	-53.35398	72.02654	1019.5941	573.07219	0.00107816	0.01983635	-0.03229587	0.00104998	0.00037534	0.00067465	0.22968484	0.00024116	0.66176791	235.63	210.36	1.0
Q0474	3346.89898	1.6457	-77.0312	76.62498	1021.97735	630.33109	0.00055641	0.02558024	-0.04001559	0.00123857	0.0003874	0.00085116	0.21494949	0.00026623	0.84592333	153.95	308.75	1.0
Q0475	2327.37004	1.4461	-54.65152	58.42382	691.22481	460.67348	0.00135805	0.02490248	-0.03396956	0.00104649	0.00029779	0.0007487	0.20358692	0.00021305	0.77630369	115.58	206.99	0.0
Q0476	3359.00581	1.4294	-61.09564	45.69053	925.57616	648.15077	0.0014717	0.02331492	-0.02972099	0.00085072	0.00020219	0.00064853	0.18118083	0.00015413	0.70622533	158.7	281.99	1.0
Q0476	3359.00581	1.4294	-61.09564	45.69053	925.57616	648.15077	0.0014717	0.02331492	-0.02972099	0.00085072	0.00020219	0.00064853	0.18118083	0.00015413	0.70622533	158.7	281.99	1.0
Q0476	3359.00581	1.4294	-61.09564	45.69053	925.57616	648.15077	0.0014717	0.02331492	-0.02972099	0.00085072	0.00020219	0.00064853	0.18118083	0.00015413	0.70622533	158.7	281.99	1.0
Q0476	3359.00581	1.4294	-61.09564	45.69053	925.57616	648.15077	0.0014717	0.02331492	-0.02972099	0.00085072	0.00020219	0.00064853	0.18118083	0.00015413	0.70622533	158.7	281.99	1.0
Q0476	3359.00581	1.4294	-61.09564	45.69053	925.57616	648.15077	0.0014717	0.02331492	-0.02972099	0.00085072	0.00020219	0.00064853	0.18118083	0.00015413	0.70622533	158.7	281.99	1.0
Q0477	3047.05372	1.627	-57.06604	33.84266	773.02567	631.49091	-0.0036562	0.02349378	-0.03689125	0.00103481	0.00021032	0.00082449	0.16193696	0.00016757	0.80321142	137.57	255.74	0.0
Q0477	3047.05372	1.627	-57.06604	33.84266	773.02567	631.49091	-0.0036562	0.02349378	-0.03689125	0.00103481	0.00021032	0.00082449	0.16193696	0.00016757	0.80321142	137.57	255.74	0.0
Q0478	2205.87356	1.5358	-60.50592	76.92685	523.86279	579.09437	-0.00122906	0.03011954	-0.02958776	0.00132187	0.00059717	0.0007247	0.24767311	0.00032739	0.81199686	115.0	193.86	1.0
Q0479	4061.25929	1.4155	-57.84069	59.26392	910.19635	956.05379	-0.00157923	0.0214411	-0.02349537	0.00070052	0.00026573	0.00043479	0.23543853	0.00016493	0.61207851	231.49	291.12	1.0
Q0480	3936.96284	1.5755	-66.53802	66.21582	1005.77651	882.6018	0.00025293	0.02762653	-0.03094089	0.00100572	0.00028982	0.00071589	0.20513111	0.0002063	0.79390888	180.93	347.87	1.0
Q0480	3936.96284	1.5755	-66.53802	66.21582	1005.77651	882.6018	0.00025293	0.02762653	-0.03094089	0.00100572	0.00028982	0.00071589	0.20513111	0.0002063	0.79390888	180.93	347.87	1.0
Q0481	3061.46463	1.6157	-62.17951	42.00097	888.19569	574.98757	0.0038396	0.02982839	-0.03630584	0.00093515	0.00024821	0.00068694	0.19497342	0.00018233	0.88093682	105.38	304.36	0.0
Q0482	3426.15661	1.4342	-55.31047	34.01885	1000.43218	635.64131	0.00253575	0.02347668	-0.03042307	0.00072148	0.00014176	0.00057973	0.15787533	0.0001139	0.71227069	139.45	318.7	1.0
Q0482	3426.15661	1.4342	-55.31047	34.01885	1000.43218	635.64131	0.00253575	0.02347668	-0.03042307	0.00072148	0.00014176	0.00057973	0.15787533	0.0001139	0.71227069	139.45	318.7	1.0
Q0482	3426.15661	1.4342	-55.31047	34.01885	1000.43218	635.64131	0.00253575	0.02347668	-0.03042307	0.00072148	0.00014176	0.00057973	0.15787533	0.0001139	0.71227069	139.45	318.7	1.0
Q0486	3445.14728	1.3092	-57.12782	28.48476	990.56699	636.86627	0.00020079	0.01635652	-0.02492746	0.00069011	0.00014651	0.00054361	0.16722391	0.0001154	0.53635272	239.06	216.67	1.0
Q0487	3788.35206	1.4568	-65.68608	61.00638	816.98804	988.85938	-0.00208829	0.02680278	-0.02595788	0.00080466	0.00031084	0.00049382	0.2370724	0.00019076	0.71675122	179.62	326.07	1.0
Q0488	2246.26069	1.6127	-72.81386	64.02898	744.13782	364.55996	0.00081842	0.0184835	-0.03523946	0.00122643	0.00036029	0.00086614	0.20746866	0.00025445	0.65288719	170.77	139.7	0.0
Q0489	2086.5739	1.6124	-58.64024	50.88839	525.72022	556.6843	-0.00280858	0.02887798	-0.03273265	0.0008444	0.000352	0.0004924	0.24308873	0.00020527	0.83975548	87.98	215.12	0.0
Q0489	2086.5739	1.6124	-58.64024	50.88839	525.72022	556.6843	-0.00280858	0.02887798	-0.03273265	0.0008444	0.000352	0.0004924	0.24308873	0.00020527	0.83975548	87.98	215.12	0.0
Q0489	2086.5739	1.6124	-58.64024	50.88839	525.72022	556.6843	-0.00280858	0.02887798	-0.03273265	0.0008444	0.000352	0.0004924	0.24308873	0.00020527	0.83975548	87.98	215.12	0.0
Q0493	3461.60155	1.5698	-47.26887	45.88328	895.77905	635.06111	0.00194731	0.02233855	-0.02681535	0.00072224	0.00023328	0.00048896	0.21866961	0.00015793	0.65839917	181.58	247.1	1.0
Q0497	2588.69381	1.6116	-38.56714	27.10267	754.68969	547.70794	0.00242067	0.01598309	-0.01626706	0.00031214	0.00011163	0.0002005	0.22973582	7.171e-05	0.43817152	213.05	151.66	0.0
Q0497	2588.69381	1.6116	-38.56714	27.10267	754.68969	547.70794	0.00242067	0.01598309	-0.01626706	0.00031214	0.00011163	0.0002005	0.22973582	7.171e-05	0.43817152	213.05	151.66	0.0
Q0497	2588.69381	1.6116	-38.56714	27.10267	754.68969	547.70794	0.00242067	0.01598309	-0.01626706	0.00031214	0.00011163	0.0002005	0.22973582	7.171e-05	0.43817152	213.05	151.66	0.0
Q0501	2548.12865	1.4001	-46.8202	23.38118	579.83572	641.08097	-0.00321391	0.01392511	-0.01871556	0.00031302	9.319e-05	0.00021983	0.20907694	6.544e-05	0.44736838	196.7	145.19	0.0
Q0502	3146.22355	1.5224	-55.28038	66.22317	827.73321	691.01436	0.00269947	0.02962495	-0.02955328	0.00090477	0.00039781	0.00050696	0.24636204	0.0002229	0.80524855	136.33	288.96	1.0
Q0503	3324.87117	1.4846	-57.90702	42.67812	848.56	683.35441	0.0004465	0.02953802	-0.03567809	0.00110558	0.00033952	0.00076606	0.21278783	0.00023525	0.87830121	127.15	301.83	0.0
Q0503	3324.87117	1.4846	-57.90702	42.67812	848.56	683.35441	0.0004465	0.02953802	-0.03567809	0.00110558	0.00033952	0.00076606	0.21278783	0.00023525	0.87830121	127.15	301.83	0.0
Q0504	2088.75115	1.5005	-66.25699	72.74518	638.64748	442.26495	0.00578744	0.03374071	-0.03457815	0.00131726	0.00064416	0.00067309	0.24987941	0.00032916	0.92745539	82.41	220.27	1.0
Q0504	2088.75115	1.5005	-66.25699	72.74518	638.64748	442.26495	0.00578744	0.03374071	-0.03457815	0.00131726	0.00064416	0.00067309	0.24987941	0.00032916	0.92745539	82.41	220.27	1.0
Q0504	2088.75115	1.5005	-66.25699	72.74518	638.64748	442.26495	0.00578744	0.03374071	-0.03457815	0.00131726	0.00064416	0.00067309	0.24987941	0.00032916	0.92745539	82.41	220.27	1.0
Q0507	1738.29773	1.5872	-52.66913	41.04105	466.22443	415.34477	0.00174881	0.02178107	-0.02073739	0.00074916	0.00023341	0.00051575	0.2144925	0.00016069	0.57931266	126.59	120.27	0.0
Q0507	1738.29773	1.5872	-52.66913	41.04105	466.22443	415.34477	0.00174881	0.02178107	-0.02073739	0.00074916	0.00023341	0.00051575	0.2144925	0.00016069	0.57931266	126.59	120.27	0.0
Q0509	3338.26699	1.5288	-50.18727	47.70734	772.85799	830.45807	-0.00108686	0.01830136	-0.01913032	0.00050516	0.00014986	0.0003553	0.20865295	0.0001054	0.50968907	239.53	209.44	0.0
Q0510	2563.35215	1.2957	-55.86845	37.94547	683.48374	512.97439	-7.433e-05	0.01737761	-0.02332718	0.00051137	0.00014355	0.00036782	0.20191512	0.00010325	0.54228085	161.98	173.06	1.0
Q0512	3142.61892	1.4636	-37.99002	41.08983	893.5908	636.03237	0.00229245	0.01832546	-0.02023306	0.00037474	0.00014138	0.00023336	0.23493661	8.804e-05	0.52024525	205.67	222.67	1.0
Q0513	2374.25421	1.3373	-53.93319	51.65169	642.50639	516.40602	0.00242287	0.02011475	-0.01958915	0.00053918	0.00020731	0.00033187	0.23665841	0.0001276	0.54097717	156.49	168.04	1.0
Q0513	2374.25421	1.3373	-53.93319	51.65169	642.50639	516.40602	0.00242287	0.02011475	-0.01958915	0.00053918	0.00020731	0.00033187	0.23665841	0.0001276	0.54097717	156.49	168.04	1.0
Q0513	2374.25421	1.3373	-53.93319	51.65169	642.50639	516.40602	0.00242287	0.02011475	-0.01958915	0.00053918	0.00020731	0.00033187	0.23665841	0.0001276	0.54097717	156.49	168.04	1.0
Q0515	4500.45834	1.4134	-47.5639	27.22457	1080.46384	969.76785	-0.00043064	0.01701297	-0.01986539	0.00032185	9.672e-05	0.00022514	0.21019763	6.765e-05	0.49966032	267.01	307.12	1.0
Q0516	2442.89686	1.5383	-53.87284	45.4184	747.96111	470.60688	0.00227912	0.02850477	-0.03940274	0.00098751	0.00023545	0.00075206	0.18157971	0.00017931	0.89018044	89.41	251.83	0.0
Q0520	3179.52083	1.5889	-45.58867	77.45899	747.26491	775.70228	0.00622153	0.03309687	-0.01966856	0.00078507	0.00055083	0.00023424	0.20934553	0.00016435	0.71449869	161.51	264.96	1.0
Q0521	2820.27643	1.3844	-60.89983	30.92993	666.13626	667.86722	-0.00068986	0.01865494	-0.01998453	0.00071831	0.00015807	0.00056023	0.17163463	0.00012329	0.52574014	196.1	177.46	0.0
Q0521	2820.27643	1.3844	-60.89983	30.92993	666.13626	667.86722	-0.00068986	0.01865494	-0.01998453	0.00071831	0.00015807	0.00056023	0.17163463	0.00012329	0.52574014	196.1	177.46	0.0
Q0525	2382.02597	1.4175	-84.18889	92.28597	726.16627	470.92783	0.00231142	0.02659993	-0.03514122	0.00192116	0.0007617	0.00115946	0.2392837	0.0004597	0.8152532	146.92	188.3	0.0
Q0526	3026.71315	1.5902	-47.40032	37.12833	899.41259	564.90574	-0.00134428	0.01773522	-0.03172165	0.00079998	0.00019356	0.00060642	0.18341445	0.00014673	0.6294242	210.73	199.32	1.0
Q0526	3026.71315	1.5902	-47.40032	37.12833	899.41259	564.90574	-0.00134428	0.01773522	-0.03172165	0.00079998	0.00019356	0.00060642	0.18341445	0.00014673	0.6294242	210.73	199.32	1.0
Q0527	2441.44995	1.4198	-37.3567	30.86693	682.41563	536.06713	0.00172745	0.01687362	-0.01755368	0.00022219	0.00011137	0.00011083	0.24999854	5.555e-05	0.46729581	166.67	174.54	1.0
Q0528	3577.70242	1.5328	-49.66905	69.525	898.80671	793.56953	0.00306088	0.02325366	-0.01980971	0.00072411	0.00038746	0.00033664	0.24876855	0.00018013	0.58882057	230.44	243.48	1.0
Q0529	4703.76698	1.4143	-52.62027	61.67367	1108.49576	853.76542	0.0012734	0.01857059	-0.02118461	0.00048978	0.0001769	0.00031288	0.23073102	0.00011301	0.5362801	254.0	295.49	1.0
Q0530	1615.81899	1.5063	-44.76757	48.60915	437.62741	404.47252	0.00169753	0.02378414	-0.02219953	0.00060041	0.0002924	0.00030801	0.24983094	0.00015	0.62648852	100.59	135.22	0.0
Q0530	1615.81899	1.5063	-44.76757	48.60915	437.62741	404.47252	0.00169753	0.02378414	-0.02219953	0.00060041	0.0002924	0.00030801	0.24983094	0.00015	0.62648852	100.59	135.22	0.0
Q0530	1615.81899	1.5063	-44.76757	48.60915	437.62741	404.47252	0.00169753	0.02378414	-0.02219953	0.00060041	0.0002924	0.00030801	0.24983094	0.00015	0.62648852	100.59	135.22	0.0
Q0532	3609.88869	1.4855	-49.72826	77.39014	924.85744	776.82695	0.00068264	0.02586305	-0.0292961	0.00088426	0.00039128	0.00049297	0.24669359	0.00021814	0.74641515	167.11	309.41	1.0
Q0535	1978.88577	1.6322	-52.18666	48.20103	611.75067	395.59957	0.00421791	0.02415602	-0.02661416	0.00084086	0.00027311	0.00056775	0.21930296	0.0001844	0.68358711	117.47	164.62	0.0
Q0535	1978.88577	1.6322	-52.18666	48.20103	611.75067	395.59957	0.00421791	0.02415602	-0.02661416	0.00084086	0.00027311	0.00056775	0.21930296	0.0001844	0.68358711	117.47	164.62	0.0
Q0536	2279.77799	1.437	-47.90351	85.7761	578.44728	566.56557	0.00331636	0.03211258	-0.02608376	0.00120745	0.00078104	0.00042642	0.22843625	0.00027583	0.79265274	118.09	202.55	1.0
Q0537	5526.37298	1.3257	-55.06117	59.56018	1344.50981	1161.67209	4.823e-05	0.01972077	-0.02272061	0.00064745	0.00027275	0.00037471	0.24379995	0.00015785	0.57446673	338.74	363.06	1.0
Q0538	2919.59815	1.5715	-49.92647	27.18783	842.70462	547.40369	-0.00136	0.01928114	-0.03313616	0.00071652	0.00013166	0.00058486	0.14998209	0.00010747	0.67312912	158.17	231.1	1.0
Q0538	2919.59815	1.5715	-49.92647	27.18783	842.70462	547.40369	-0.00136	0.01928114	-0.03313616	0.00071652	0.00013166	0.00058486	0.14998209	0.00010747	0.67312912	158.17	231.1	1.0
Q0539	2316.73195	1.6867	-54.89468	36.58311	655.47754	476.46343	0.00431921	0.02800303	-0.02826297	0.00073724	0.00023682	0.00050042	0.21803828	0.00016075	0.76497854	98.41	218.57	1.0
Q0540	3765.27679	1.466	-47.68045	61.73642	922.79112	886.38007	-0.00203829	0.02071545	-0.02572672	0.00062762	0.00025386	0.00037376	0.24087673	0.00015118	0.63050556	207.26	299.36	1.0
Q0541	2660.20616	1.5324	-56.26833	40.54565	691.71447	593.07792	-0.00148923	0.02298276	-0.03003122	0.00076819	0.00020951	0.00055868	0.19835022	0.00015237	0.71392947	130.13	229.65	0.0
Q0542	3766.32803	1.4653	-56.15512	60.61857	927.83968	886.43422	0.0006093	0.02479285	-0.02470386	0.00066968	0.00028617	0.00038352	0.24471735	0.00016388	0.67346462	201.53	306.51	0.0
Q0542	3766.32803	1.4653	-56.15512	60.61857	927.83968	886.43422	0.0006093	0.02479285	-0.02470386	0.00066968	0.00028617	0.00038352	0.24471735	0.00016388	0.67346462	201.53	306.51	0.0
Q0543	2915.06889	1.4409	-64.37548	51.78494	781.55955	619.80764	0.0016858	0.02283506	-0.02498281	0.00087712	0.00024646	0.00063066	0.20203289	0.00017721	0.64722225	177.54	214.88	1.0
Q0544	3136.18859	1.4272	-38.94938	52.33055	745.73154	794.90769	3.88e-05	0.02013663	-0.0188157	0.0004236	0.0001968	0.0002268	0.24874622	0.00010537	0.52939966	211.73	219.7	0.0
Q0544	3136.18859	1.4272	-38.94938	52.33055	745.73154	794.90769	3.88e-05	0.02013663	-0.0188157	0.0004236	0.0001968	0.0002268	0.24874622	0.00010537	0.52939966	211.73	219.7	0.0
Q0546	2755.66845	1.3354	-81.8662	55.2974	730.61324	639.19068	-0.00326906	0.0240013	-0.03443985	0.00117206	0.00019813	0.00097393	0.14046885	0.00016464	0.78565338	119.86	263.72	0.0
Q0547	3521.9305	1.5812	-56.79052	64.26053	1067.91113	646.18128	0.00271409	0.02321072	-0.03115964	0.00096925	0.00030658	0.00066267	0.2162581	0.00020961	0.71313742	206.14	273.85	1.0
Q0548	3936.62054	1.5332	-61.98742	72.7162	1198.90597	640.24148	0.00669887	0.03099871	-0.03880461	0.00098473	0.00033235	0.00065239	0.22359317	0.00022018	0.91746137	106.79	408.22	0.0
Q0548	3936.62054	1.5332	-61.98742	72.7162	1198.90597	640.24148	0.00669887	0.03099871	-0.03880461	0.00098473	0.00033235	0.00065239	0.22359317	0.00022018	0.91746137	106.79	408.22	0.0
Q0549	1906.62372	1.4061	-54.7871	63.74079	507.69232	494.0061	0.00031632	0.0254247	-0.02548767	0.0007892	0.00031748	0.00047172	0.2404499	0.00018976	0.69268627	104.78	175.72	1.0
Q0549	1906.62372	1.4061	-54.7871	63.74079	507.69232	494.0061	0.00031632	0.0254247	-0.02548767	0.0007892	0.00031748	0.00047172	0.2404499	0.00018976	0.69268627	104.78	175.72	1.0
Q0549	1906.62372	1.4061	-54.7871	63.74079	507.69232	494.0061	0.00031632	0.0254247	-0.02548767	0.0007892	0.00031748	0.00047172	0.2404499	0.00018976	0.69268627	104.78	175.72	1.0
Q0550	3048.92001	1.2954	-55.11539	30.07992	883.92766	552.71695	0.0015989	0.0185333	-0.02548329	0.00049368	0.00014459	0.00034909	0.20710185	0.00010224	0.57707596	181.19	221.11	1.0
Q0552	2614.10814	1.8465	-48.51548	76.54585	687.92402	617.65784	0.00392913	0.02461871	-0.01911415	0.00093546	0.00053394	0.00040153	0.24499128	0.00022918	0.59904654	209.68	155.92	1.0
Q0552	2614.10814	1.8465	-48.51548	76.54585	687.92402	617.65784	0.00392913	0.02461871	-0.01911415	0.00093546	0.00053394	0.00040153	0.24499128	0.00022918	0.59904654	209.68	155.92	1.0
Q0554	3238.43162	1.3304	-42.48317	24.7625	939.96052	629.64222	-0.0002979	0.01174396	-0.01827458	0.00031357	5.959e-05	0.00025398	0.15392547	4.827e-05	0.39085623	297.46	142.07	1.0
Q0557	1942.49702	1.5186	-51.25551	50.51867	472.40864	512.99592	-8.661e-05	0.02344672	-0.02175803	0.00064337	0.00028092	0.00036246	0.24598412	0.00015826	0.61409554	118.46	157.48	0.0
Q0557	1942.49702	1.5186	-51.25551	50.51867	472.40864	512.99592	-8.661e-05	0.02344672	-0.02175803	0.00064337	0.00028092	0.00036246	0.24598412	0.00015826	0.61409554	118.46	157.48	0.0
Q0557	1942.49702	1.5186	-51.25551	50.51867	472.40864	512.99592	-8.661e-05	0.02344672	-0.02175803	0.00064337	0.00028092	0.00036246	0.24598412	0.00015826	0.61409554	118.46	157.48	0.0
Q0557	1942.49702	1.5186	-51.25551	50.51867	472.40864	512.99592	-8.661e-05	0.02344672	-0.02175803	0.00064337	0.00028092	0.00036246	0.24598412	0.00015826	0.61409554	118.46	157.48	0.0
Q0560	3786.94807	1.5771	-65.93423	82.91477	1041.06946	768.43761	0.00672637	0.03545407	-0.03219356	0.00141244	0.00067976	0.00073269	0.24964895	0.00035261	0.92707661	145.62	361.09	1.0
Q0560	3786.94807	1.5771	-65.93423	82.91477	1041.06946	768.43761	0.00672637	0.03545407	-0.03219356	0.00141244	0.00067976	0.00073269	0.24964895	0.00035261	0.92707661	145.62	361.09	1.0
Q0561	2284.37971	1.6887	-46.51072	67.75024	648.0752	525.83407	0.00161393	0.02534271	-0.02763111	0.00086435	0.00040742	0.00045693	0.24917976	0.00021538	0.71750334	141.01	187.72	1.0
Q0562	2659.61312	1.5226	-55.84371	60.94935	775.27798	493.56599	0.00432108	0.03187917	-0.03896632	0.00098814	0.00027515	0.00071299	0.20091832	0.00019854	0.94249325	82.07	273.24	0.0
Q0562	2659.61312	1.5226	-55.84371	60.94935	775.27798	493.56599	0.00432108	0.03187917	-0.03896632	0.00098814	0.00027515	0.00071299	0.20091832	0.00019854	0.94249325	82.07	273.24	0.0
Q0562	2659.61312	1.5226	-55.84371	60.94935	775.27798	493.56599	0.00432108	0.03187917	-0.03896632	0.00098814	0.00027515	0.00071299	0.20091832	0.00019854	0.94249325	82.07	273.24	0.0
Q0563	2095.88483	1.4614	-58.62159	38.05483	596.39061	436.50332	-0.00088723	0.01508823	-0.02271436	0.00078715	0.00011995	0.0006672	0.12916046	0.00010167	0.49826911	176.49	112.75	1.0
Q0565	3405.46768	1.5746	-57.3045	78.2171	990.71267	629.88956	0.00530564	0.02677727	-0.0284657	0.00109313	0.00043885	0.00065427	0.24029115	0.00026267	0.74650412	163.2	290.61	1.0
Q0565	3405.46768	1.5746	-57.3045	78.2171	990.71267	629.88956	0.00530564	0.02677727	-0.0284657	0.00109313	0.00043885	0.00065427	0.24029115	0.00026267	0.74650412	163.2	290.61	1.0
Q0566	1715.53579	1.4908	-63.56924	66.04497	412.55492	454.90716	-0.00043783	0.03326639	-0.03100416	0.00130713	0.00063792	0.00066921	0.24985671	0.00032659	0.87294252	79.32	163.6	0.0
Q0566	1715.53579	1.4908	-63.56924	66.04497	412.55492	454.90716	-0.00043783	0.03326639	-0.03100416	0.00130713	0.00063792	0.00066921	0.24985671	0.00032659	0.87294252	79.32	163.6	0.0
Q0567	3130.52939	1.4512	-62.6249	46.84616	791.86453	642.92033	0.00032025	0.02658079	-0.03202402	0.00096266	0.00034836	0.0006143	0.23092148	0.0002223	0.78967097	140.57	261.21	1.0
Q0567	3130.52939	1.4512	-62.6249	46.84616	791.86453	642.92033	0.00032025	0.02658079	-0.03202402	0.00096266	0.00034836	0.0006143	0.23092148	0.0002223	0.78967097	140.57	261.21	1.0
Q0568	3161.45007	1.4405	-53.21922	31.44157	720.1525	839.56244	-0.00417905	0.02099739	-0.02577467	0.00057294	0.00013627	0.00043667	0.18127413	0.00010386	0.64134241	167.56	269.21	1.0
Q0568	3161.45007	1.4405	-53.21922	31.44157	720.1525	839.56244	-0.00417905	0.02099739	-0.02577467	0.00057294	0.00013627	0.00043667	0.18127413	0.00010386	0.64134241	167.56	269.21	1.0
Q0569	3854.81341	1.394	-52.39876	27.8547	987.05685	772.32781	0.00051928	0.01845869	-0.02240779	0.00042965	0.00012214	0.00030751	0.20346136	8.742e-05	0.54945902	208.57	284.11	1.0
Q0570	2630.15964	1.4477	-75.69937	53.03707	813.9121	425.19212	0.00071065	0.02130644	-0.03871426	0.00163981	0.00022808	0.00141173	0.11974288	0.00019636	0.74232223	148.75	198.23	0.0
Q0571	4010.68234	1.4712	-65.44609	69.3434	971.03682	783.22734	0.00404316	0.03211233	-0.0307567	0.0012119	0.00051661	0.00069529	0.24456532	0.00029639	0.85735123	157.46	333.78	0.0
Q0573	2252.3892	1.5883	-44.44972	55.81731	744.63868	433.91207	0.00577917	0.02736149	-0.03125837	0.00077825	0.00034525	0.000433	0.24682206	0.00019209	0.7835851	108.05	221.98	1.0
Q0574	2579.12198	1.7437	-41.70513	31.63399	638.5647	596.59547	0.00197094	0.01883533	-0.01607982	0.0003553	0.00016157	0.00019373	0.24795183	8.81e-05	0.47631872	191.89	153.99	1.0
Q0575	2592.43809	1.5491	-62.01816	63.6779	643.1878	620.09161	-6.114e-05	0.02234273	-0.02329948	0.00096458	0.00041287	0.00055171	0.24482087	0.00023615	0.6207559	169.55	184.21	0.0
Q0575	2592.43809	1.5491	-62.01816	63.6779	643.1878	620.09161	-6.114e-05	0.02234273	-0.02329948	0.00096458	0.00041287	0.00055171	0.24482087	0.00023615	0.6207559	169.55	184.21	0.0
Q0576	2836.2759	1.3923	-52.86415	56.56186	817.24359	550.9385	0.00495179	0.02681959	-0.02748617	0.00081583	0.00032262	0.00049321	0.2390683	0.00019504	0.73710217	128.26	254.87	0.0
Q0577	3184.33744	1.4936	-42.65859	43.23549	816.27197	677.54061	0.00066905	0.02078288	-0.02356323	0.00046387	0.00018677	0.0002771	0.24052037	0.00011157	0.59984637	168.59	249.72	0.0
Q0577	3184.33744	1.4936	-42.65859	43.23549	816.27197	677.54061	0.00066905	0.02078288	-0.02356323	0.00046387	0.00018677	0.0002771	0.24052037	0.00011157	0.59984637	168.59	249.72	0.0
Q0579	2552.45371	1.5906	-43.82493	31.37322	543.89323	726.074	-0.00357362	0.02097409	-0.02196201	0.00044388	0.00014057	0.00030332	0.21639309	9.605e-05	0.58610359	153.86	201.76	0.0
Q0580	2536.31461	1.5452	-60.83578	33.00311	702.01564	563.58575	-0.00122527	0.018915	-0.02631247	0.00071872	0.00015928	0.00055944	0.17250475	0.00012398	0.60434231	164.24	190.16	1.0
Q0581	2265.85233	1.4505	-43.83356	42.92301	516.32876	613.83858	0.00064686	0.02195986	-0.01728052	0.00041229	0.00018217	0.00023012	0.24661814	0.00010168	0.52839958	156.2	160.28	1.0
Q0585	3173.88134	1.4843	-46.48218	51.48606	800.86721	776.22041	0.00012467	0.01972758	-0.02010069	0.00051217	0.00020218	0.00030999	0.23892313	0.00012237	0.54181183	215.46	226.17	0.0
Q0585	3173.88134	1.4843	-46.48218	51.48606	800.86721	776.22041	0.00012467	0.01972758	-0.02010069	0.00051217	0.00020218	0.00030999	0.23892313	0.00012237	0.54181183	215.46	226.17	0.0
Q0585	3173.88134	1.4843	-46.48218	51.48606	800.86721	776.22041	0.00012467	0.01972758	-0.02010069	0.00051217	0.00020218	0.00030999	0.23892313	0.00012237	0.54181183	215.46	226.17	0.0
Q0586	2939.81836	1.5149	-53.78682	63.03936	680.63184	764.54133	-0.00051467	0.02645959	-0.02452847	0.00071348	0.0003454	0.00036808	0.24974722	0.00017819	0.69220234	148.88	255.81	0.0
Q0587	2494.16807	1.4033	-77.73377	58.4126	633.77899	598.4944	-0.00349324	0.02136476	-0.02981677	0.00123244	0.00031289	0.00091955	0.18942413	0.00023345	0.69306732	166.28	178.8	1.0
Q0587	2494.16807	1.4033	-77.73377	58.4126	633.77899	598.4944	-0.00349324	0.02136476	-0.02981677	0.00123244	0.00031289	0.00091955	0.18942413	0.00023345	0.69306732	166.28	178.8	1.0
Q0589	3105.19797	1.4378	-38.97153	39.99964	799.34417	675.02824	0.0005097	0.01825343	-0.02050179	0.00031859	0.00012474	0.00019385	0.23823866	7.59e-05	0.52471232	179.22	233.64	0.0
Q0590	2627.98882	1.5324	-46.3671	52.52066	773.21994	519.464	0.00308013	0.02111737	-0.02376823	0.00068432	0.00022758	0.00045674	0.22196562	0.0001519	0.60361974	171.25	190.74	0.0
Q0591	3681.13847	1.618	-54.90543	69.08471	1019.70752	790.0715	-0.00039478	0.02452401	-0.03255626	0.00096175	0.00035299	0.00060876	0.23231993	0.00022343	0.76274991	189.72	317.07	1.0
Q0592	2436.80468	1.4961	-51.82591	55.24848	653.55344	521.48447	0.00062556	0.02347606	-0.02801196	0.00054647	0.00017269	0.00037379	0.21614447	0.00011812	0.69359373	99.0	230.04	0.0
Q0593	3289.87037	1.6873	-79.55835	57.59213	989.21708	637.89929	0.00466555	0.03062136	-0.0355852	0.00153336	0.00040688	0.00112649	0.19493948	0.00029891	0.88620388	154.49	301.14	0.0
Q0593	3289.87037	1.6873	-79.55835	57.59213	989.21708	637.89929	0.00466555	0.03062136	-0.0355852	0.00153336	0.00040688	0.00112649	0.19493948	0.00029891	0.88620388	154.49	301.14	0.0
Q0593	3289.87037	1.6873	-79.55835	57.59213	989.21708	637.89929	0.00466555	0.03062136	-0.0355852	0.00153336	0.00040688	0.00112649	0.19493948	0.00029891	0.88620388	154.49	301.14	0.0
Q0593	3289.87037	1.6873	-79.55835	57.59213	989.21708	637.89929	0.00466555	0.03062136	-0.0355852	0.00153336	0.00040688	0.00112649	0.19493948	0.00029891	0.88620388	154.49	301.14	0.0
Q0595	3381.70353	1.5689	-63.65031	40.14948	993.78914	662.6733	-0.0009403	0.02496605	-0.03979121	0.00138311	0.00023294	0.00115017	0.1400523	0.00019371	0.84074759	159.94	303.92	1.0
Q0596	3509.41675	1.5246	-56.04236	65.74757	816.92576	893.63157	-0.00160867	0.02545008	-0.02634481	0.00085998	0.00038377	0.00047621	0.24711132	0.00021251	0.70525123	167.51	311.49	1.0
Q0597	2865.34466	1.6497	-58.0039	39.94091	737.13234	665.03393	-0.00054388	0.02215199	-0.02570028	0.00069168	0.0001979	0.00049378	0.2042519	0.00014128	0.64858084	160.01	232.64	0.0
Q0597	2865.34466	1.6497	-58.0039	39.94091	737.13234	665.03393	-0.00054388	0.02215199	-0.02570028	0.00069168	0.0001979	0.00049378	0.2042519	0.00014128	0.64858084	160.01	232.64	0.0
Q0598	1844.48938	1.4901	-53.42795	46.88958	540.65086	403.85984	0.00239428	0.02678039	-0.03025163	0.00098214	0.00038769	0.00059445	0.23892103	0.00023465	0.76912014	98.45	166.04	0.0
Q0599	3780.12398	1.3773	-52.26444	70.42124	1054.28084	728.25325	0.0039349	0.02186881	-0.02202774	0.00084505	0.00046833	0.00037672	0.24706233	0.00020878	0.5968474	256.93	242.23	1.0
Q0600	4048.4497	1.4879	-53.14238	72.43028	932.42381	1035.26555	-0.00134425	0.02331524	-0.02355411	0.00073596	0.00041468	0.00032128	0.24597309	0.00018103	0.63785976	226.29	324.72	1.0
Q0600	4048.4497	1.4879	-53.14238	72.43028	932.42381	1035.26555	-0.00134425	0.02331524	-0.02355411	0.00073596	0.00041468	0.00032128	0.24597309	0.00018103	0.63785976	226.29	324.72	1.0
Q0600	4048.4497	1.4879	-53.14238	72.43028	932.42381	1035.26555	-0.00134425	0.02331524	-0.02355411	0.00073596	0.00041468	0.00032128	0.24597309	0.00018103	0.63785976	226.29	324.72	1.0
